"HST IR SBF","HST IR SBF","HST IR SBF","HST IR SBF","HST IR SBF","HST IR SBF","HST IR SBF","HST IR SBF","HST IR SBF","HST IR SBF","HST IR SBF","HST IR SBF","HST IR SBF","HST IR SBF"
pgc,Name,1PGC,Nest,DMzp,DM,edm,Vhel,Ty,RA_DEJ,glon,glat,sgl,sgb,Ag
%7s,%9s,%7d,%6d,%6.3f,%6.3f,%5.3f,%5d,%4.1f,%16s,%8.4f,%8.4f,%8.4f,%8.4f,%5.3f
---,,,,mag,mag,mag,km/s,,hmsdms,deg,deg,deg,deg,mag
"The Catalogue of Principal Galaxies (PGC) Number","Common name","PGC ID of dominant member of group","Nest ID in 2MASS group catalog of Tully (2015)","Distance modulus shifted to absolute scale (H0=75)","Distance modulus","Error in distance modulus","Heliocentric velocity","Morphological type code from RC3","Right ascension, Declination epoch 2000","Galactic longitude","Galactic latitude","Supergalactic longitude","Supergalactic latitude","Galactic obscuration at B band from RC3"
1037,NGC0057,1037,200319,34.077,34.126,0.094,5449,-4.9,J001530.9+171942,110.8305,-44.6976,310.9031,13.7833,0.335
3455,NGC0315,3455,200070,34.117,34.166,0.081,4974,-4.1,J005748.9+302108,124.5630,-32.4992,326.0060,7.2773,0.280
3982,NGC0383,4224,200005,34.052,34.101,0.084,5057,-2.9,J010724.9+322446,126.8388,-30.3378,328.5287,5.8072,0.307
4224,NGC0410,4224,200005,33.888,33.937,0.082,5276,-4.3,J011058.9+330908,127.6335,-29.5410,329.4427,5.2765,0.254
5037,NGC0495,5098,200006,34.000,34.049,0.081,4104,0.2,J012256.2+332813,130.4359,-28.9420,330.4440,2.9656,0.311
5098,NGC0507,5098,200006,33.904,33.953,0.081,4934,-3.3,J012340.0+331521,130.6431,-29.1329,330.2830,2.7573,0.269
5222,NGC0524,5222,200164,32.163,32.212,0.090,2423,-1.2,J012447.7+093220,136.5055,-52.4516,307.6785,-4.4815,0.357
5283,NGC0533,5283,200184,34.261,34.310,0.077,5522,-4.9,J012531.4+014533,140.1455,-59.9686,300.2311,-6.8569,0.132
5323,NGC0545,5324,200011,34.440,34.489,0.110,5338,-2.8,J012559.1-012025,142.1835,-62.9134,297.2571,-7.8155,0.179
5324,NGC0547,5324,200011,34.342,34.391,0.096,5525,-4.8,J012600.6-012043,142.1999,-62.9164,297.2540,-7.8229,0.179
6415,NGC0665,6415,200166,33.924,33.973,0.084,5454,-2.0,J014456.1+102523,143.7820,-50.2704,310.0158,-8.9519,0.382
6962,NGC0708,6962,200003,33.896,33.945,0.085,4839,-4.9,J015246.5+360907,136.5696,-25.0901,334.9693,-1.9545,0.390
7252,NGC0741,7252,200259,34.165,34.214,0.080,5564,-4.8,J015621.0+053744,150.9346,-53.6763,306.2441,-13.1073,0.227
7584,NGC0777,7584,200140,34.112,34.161,0.082,4996,-4.8,J020014.9+312546,139.7338,-29.1873,331.1397,-5.1332,0.202
7889,NGC0809,7889,210341,34.327,34.376,0.109,5340,-1.7,J020419.0-084407,169.4638,-64.7981,292.4186,-18.9331,0.104
8997,NGC0890,8997,207057,33.247,33.296,0.081,3952,-2.6,J022201.0+331558,143.8996,-25.8910,334.6868,-8.6124,0.336
9201,NGC0910,9201,200013,34.410,34.459,0.093,5210,-4.1,J022526.8+414928,141.1086,-17.7053,342.7355,-5.4638,0.248
9997,NGC1016,9997,200052,34.621,34.670,0.085,6658,-4.9,J023819.6+020709,168.5400,-51.0351,306.1329,-24.1477,0.135
10302,NGC1060,10302,200041,33.604,33.653,0.108,5146,-3.0,J024315.1+322530,148.7673,-24.7772,335.9720,-12.9714,0.841
10959,NGC1129,10959,200010,34.056,34.105,0.095,5272,-4.9,J025427.4+413444,146.3365,-15.6347,345.1990,-10.3025,0.489
11425,NGC1167,11425,200772,33.601,33.650,0.113,4950,-2.4,J030142.4+351221,150.9350,-20.4857,340.4336,-14.8866,0.784
11545,NGC1200,11545,200775,33.611,33.660,0.080,4049,-2.9,J030354.5-115931,193.4884,-55.4756,292.3864,-33.9419,0.313
12208,NGC1259,12429,200001,34.316,34.365,0.105,5831,-3.0,J031717.3+412306,150.2418,-13.6252,347.4848,-13.9525,0.688
12384,NGC1272,12429,200001,34.207,34.256,0.099,3795,-4.0,J031921.3+412926,150.5160,-13.3249,347.8094,-14.2017,0.696
12438,NGC1278,12429,200001,34.153,34.202,0.106,6067,-4.8,J031954.2+413348,150.5627,-13.2078,347.9327,-14.2404,0.712
13814,NGC1453,13814,200084,33.497,33.546,0.085,3907,-4.7,J034627.3-035808,191.7770,-42.2888,305.5477,-42.2192,0.456
15406,NGC1600,15406,200023,34.228,34.277,0.083,4708,-4.6,J043139.8-050510,200.4164,-33.2417,309.3239,-53.2570,0.186
15570,NGC1573,15570,100045,33.965,34.014,0.094,4200,-4.8,J043504.0+731545,137.3763,17.0375,16.9405,1.8424,0.595
16219,NGC1684,16219,200061,33.940,33.989,0.079,4445,-3.9,J045231.2-030622,201.3587,-27.7366,315.9865,-57.3351,0.252
16386,NGC1700,16386,200278,33.541,33.590,0.076,3887,-4.7,J045656.3-045157,203.6992,-27.6137,313.7704,-59.0521,0.187
19603,NGC2274,19603,100358,34.147,34.196,0.086,4866,-4.8,J064717.4+333402,182.0135,13.8098,24.3276,-40.6894,0.451
19622,NGC2258,19622,101192,33.732,33.781,0.094,4060,-2.0,J064746.2+742855,140.2202,25.8204,25.9658,0.1981,0.554
20338,NGC2340,20136,100017,34.465,34.514,0.102,5925,-4.8,J071110.8+501029,167.0344,23.5304,29.2826,-24.0202,0.321
22555,NGC2513,22555,100311,34.209,34.258,0.078,4702,-4.9,J080224.7+092449,212.4152,20.0082,61.1417,-59.8411,0.100
24790,NGC2672,24790,100483,34.054,34.103,0.081,3843,-4.8,J084921.9+190430,207.4633,34.2616,66.4320,-45.2672,0.092
24848,ESO125-06,24848,207260,34.847,34.896,0.195,6567,-3.5,J085035.9-611640,277.8080,-10.8004,188.8108,-39.9752,0.980
25144,NGC2693,25144,100367,34.207,34.256,0.096,4910,-4.8,J085659.2+512051,167.2155,40.2119,45.9004,-17.8585,0.085
25646,NGC2765,25646,109285,33.676,33.725,0.083,3775,-1.8,J090736.6+032334,226.6652,31.6242,89.0241,-52.0498,0.139
27635,NGC2962,27635,102572,32.483,32.532,0.084,1959,-1.0,J094053.9+050957,229.9967,39.6683,92.8084,-43.9477,0.250
29822,NGC3158,29822,100069,34.757,34.806,0.099,6921,-4.8,J101350.5+384554,183.2131,55.2599,65.2664,-18.4146,0.057
31586,IC2597,31478,100006,33.624,33.673,0.082,2994,-3.9,J103747.4-270453,269.5499,26.9918,138.7998,-37.3257,0.306
32512,NGC3392,32495,102107,33.812,33.861,0.088,3232,-4.2,J105103.0+654654,140.4977,47.0307,47.0595,2.4980,0.058
33371,NGC3504,33371,102159,32.634,32.683,0.095,1525,2.1,J110311.1+275821,204.5777,66.0809,80.6092,-15.7171,0.110
36487,NGC3842,36487,100005,34.662,34.711,0.102,6235,-4.9,J114402.2+195659,234.2910,72.9879,92.0553,-10.5686,0.093
37930,NGC4036,37930,101161,31.727,31.776,0.078,1370,-2.4,J120126.8+615345,132.9797,54.2466,53.9941,7.6888,0.102
38201,NGC4073,38201,100071,34.597,34.646,0.141,5912,-4.1,J120427.1+015345,276.9082,62.3697,111.1154,-11.6305,0.117
40378,NGC4386,39791,100263,32.378,32.427,0.080,1648,-2.0,J122428.3+753144,125.1760,41.4817,41.1950,13.3085,0.167
44298,NGC4839,44715,100001,34.751,34.800,0.096,7338,-3.9,J125724.4+272952,48.8442,88.6239,89.9643,7.6957,0.044
44628,NGC4874,44715,100001,34.932,34.981,0.128,7168,-3.6,J125935.7+275733,58.0838,88.0101,89.6263,8.2750,0.039
44807,NGC4914,44807,103153,34.084,34.133,0.075,4748,-4.1,J130043.0+371855,112.6338,79.6269,80.4243,10.5543,0.059
45657,NGC4993,45466,100214,32.974,33.023,0.076,2934,-0.3,J130947.7-232302,308.3772,39.2937,139.9403,-2.8959,0.534
49044,NGC5322,49044,100202,32.441,32.490,0.072,1801,-4.8,J134915.2+601126,110.2793,55.4949,57.4682,20.3114,0.060
49356,NGC5353,49356,100039,32.662,32.711,0.076,2230,-2.1,J135326.7+401659,82.6107,71.6334,78.7611,21.1161,0.055
50558,NGC5490,50558,100189,34.218,34.267,0.080,4855,-4.9,J140957.3+173244,9.1416,69.5097,103.5213,22.1125,0.116
51104,NGC5557,51104,101046,33.409,33.458,0.072,3213,-4.7,J141825.7+362937,65.3024,69.3491,83.0680,25.8814,0.026
53865,NGC5839,53932,100073,32.320,32.369,0.078,1229,-2.0,J150527.5+013805,0.2000,49.0090,124.4540,31.7562,0.227
61009,NGC6482,61009,101170,33.521,33.570,0.091,3912,-4.9,J175148.8+230419,48.0904,22.9123,87.6777,73.3932,0.437
62395,NGC6702,62395,108125,33.943,33.992,0.087,4725,-4.9,J184657.6+454221,75.0282,19.7868,29.2604,59.9556,0.463
65379,NGC6964,65375,200193,33.636,33.685,0.096,3791,-4.6,J204724.3+001803,47.3994,-25.4017,270.0505,58.2783,0.426
66537,NGC7052,66537,206839,33.908,33.957,0.092,4700,-4.9,J211833.2+262647,74.7148,-15.9035,320.3283,54.9752,0.531
68434,NGC7242,68434,220008,34.455,34.504,0.104,5881,-4.0,J221539.5+371755,91.6017,-15.9211,332.5472,40.8934,0.656
71121,NGC7619,71121,200092,33.292,33.341,0.081,3763,-4.8,J232014.5+081223,87.7020,-48.3283,298.3285,24.9307,0.353
771919,NGC1201,771919,210406,31.298,31.347,0.074,1678,-2.6,J030408.0-260411,218.5425,-60.4041,275.3421,-35.5056,0.067
