"CSP1 Burns18","CSP1 Burns18","CSP1 Burns18","CSP1 Burns18","CSP1 Burns18","CSP1 Burns18","CSP1 Burns18","CSP1 Burns18","CSP1 Burns18","CSP1 Burns18","CSP1 Burns18","CSP1 Burns18","CSP1 Burns18","CSP1 Burns18","CSP1 Burns18","CSP1 Burns18","CSP1 Burns18","CSP1 Burns18","CSP1 Burns18","CSP1 Burns18","CSP1 Burns18","CSP1 Burns18","CSP1 Burns18","CSP1 Burns18","CSP1 Burns18"
pgc,SNIa,1PGC,Nest,muCV,emu,zh,z3k,sBV,esBV,Dm15,eDm15,Vmax,eVmax,EBV,eEBV,Rv,eRv,covER,Q,RA,Dec,glon,glat,sgl,sgb
%7s,%6s,%7d,%6d,%5.2f,%4.2f,%7.4f,%7.4f,%5.3f,%5.3f,%5.3f,%5.3f,%6.3f,%5.3f,%5.3f,%5.3f,%3.1f,%3.1f,%7.4f,%4.2f,%8.4f,%8.4f,%8.4f,%8.4f,%8.4f,%8.4f
---,,,,mag,mag,,,,,mag,mag,mag,mag,mag,mag,,,,,deg,deg,deg,deg,deg,deg
"The Catalogue of Principal Galaxies (PGC) Number","Supernova identification","PGC ID of dominant member of group","Nest ID in 2MASS group catalog by Tully(2015)","Cross-validated distance modulus (Riess16 zero point)","Error in distance modulus","Heliocentric redshift","Redshift in CMB frame","Color stretch parameter","Error in color stretch parameter","Delta_m15_(B) parameter","Error in delta_m15_(B) parameter","V magnitude at maximum","Error in V magnitude at maximum","B-V color excess","Error in B-V color excess","Reddening slope","Error in reddening slope","Covariance between E(B-V) and Rv","Quality parameter","Right ascension in degrees (J2000)","Declination in degrees (2000)","Galactic longitude","Galactic latitude","Supergalactic longitude","Supergalactic latitude"
282,2008hj,0,0,36.11,0.04,0.0379,0.0367,1.010,0.031,0.964,0.061,16.780,0.005,0.060,0.016,0.4,1.0,-0.0072,0.97,1.0080,-11.1687,85.2573,-70.7713,281.8123,8.8821
1583,2007A,1583,210125,34.20,0.06,0.0176,0.0165,1.012,0.032,0.954,0.063,15.505,0.007,0.265,0.020,2.5,0.3,-0.0053,0.97,6.3194,12.8868,113.0917,-49.4843,307.0303,10.4751
2332,2006ej,2331,202847,34.67,0.06,0.0204,0.0193,0.829,0.035,1.368,0.070,15.697,0.038,0.067,0.022,1.9,1.1,-0.0102,0.97,9.7490,-9.0157,113.1135,-71.6864,286.6520,1.3636
2559,2006et,2559,201302,34.66,0.05,0.0222,0.0212,1.093,0.031,0.887,0.061,15.818,0.006,0.232,0.015,2.4,0.3,-0.0026,0.95,10.6909,-23.5584,85.8379,-86.7274,272.0395,-3.7542
3444,2007nq,3342,200043,36.19,0.04,0.0450,0.0439,0.745,0.030,1.491,0.061,17.370,0.007,0.052,0.013,2.8,1.2,-0.0037,0.94,14.3900,-1.3887,126.5363,-64.8731,294.6544,-1.1653
4861,2008gl,4861,201759,35.88,0.04,0.0340,0.0330,0.851,0.030,1.326,0.060,16.774,0.004,0.090,0.014,0.3,0.8,-0.0037,0.97,20.2284,4.8053,136.6097,-57.2816,302.8505,-4.9040
5269,2008gg,5269,207592,35.69,0.05,0.0320,0.0311,1.114,0.040,0.876,0.072,16.415,0.038,0.152,0.029,1.3,0.6,-0.0100,0.98,21.3460,-18.1724,166.7709,-78.3407,280.3662,-11.9125
6642,2007st,6642,202973,34.36,0.06,0.0212,0.0207,0.774,0.037,1.428,0.081,15.668,0.050,0.153,0.027,2.0,0.6,-0.0094,0.77,27.1770,-48.6494,280.0126,-65.4215,249.3245,-20.5460
6793,2005W,6848,200365,32.82,0.15,0.0089,0.0080,0.923,0.031,1.111,0.062,14.034,0.006,0.232,0.019,1.9,0.6,-0.0041,0.97,27.6906,21.7599,140.7575,-39.0495,321.2990,-6.6013
6888,2006ob,6888,203564,37.00,0.04,0.0592,0.0583,0.725,0.032,1.512,0.062,18.165,0.015,0.062,0.017,2.0,1.0,-0.0044,0.98,27.9521,0.2639,153.3014,-59.0013,300.6298,-13.5837
7299,2005hc,138483,204897,36.64,0.04,0.0459,0.0450,1.193,0.031,0.875,0.061,17.305,0.004,0.037,0.017,2.4,1.2,-0.0004,0.96,29.1999,-0.2135,156.2213,-59.1650,300.1475,-15.0185
7741,2004dt,7741,202150,33.94,0.08,0.0197,0.0188,1.189,0.032,1.104,0.061,15.068,0.022,0.149,0.025,2.7,0.7,-0.0003,0.15,30.5514,-0.1006,158.1683,-58.2151,300.8533,-16.2284
7889,2006ef,7889,210341,34.49,0.08,0.0179,0.0170,0.837,0.036,1.355,0.071,15.414,0.048,0.030,0.023,1.7,1.3,-0.0018,0.97,31.0813,-8.7284,170.3378,-65.2164,291.8456,-19.0666
8223,2009le,8223,208090,34.60,0.07,0.0178,0.0170,1.156,0.037,1.023,0.070,15.231,0.006,0.170,0.017,0.5,0.6,-0.0023,0.95,32.3214,-23.4124,207.5155,-72.2132,276.4705,-22.9788
9560,2005A,9560,202337,34.37,0.07,0.0191,0.0183,0.963,0.032,1.057,0.064,17.117,0.015,1.165,0.021,1.7,0.1,-0.0013,0.97,37.6802,-2.9388,172.7871,-56.7757,299.2758,-24.0597
9874,2005lu,0,0,35.86,0.07,0.0320,0.0313,1.130,0.045,0.844,0.074,17.054,0.043,0.285,0.033,2.1,0.6,-0.0083,0.96,39.0155,-17.2639,197.1107,-64.1232,284.4613,-28.2765
9988,2009ig,9988,211363,32.66,0.13,0.0088,0.0080,1.108,0.034,0.844,0.062,13.370,0.008,0.086,0.016,1.9,0.7,-0.0027,0.96,39.5484,-1.3126,172.7948,-54.0415,301.9562,-25.3024
10416,2009I,10416,208220,34.92,0.05,0.0262,0.0254,1.064,0.036,0.810,0.065,17.538,0.012,0.758,0.019,2.6,0.1,-0.0017,0.90,41.2933,-4.7137,179.0981,-55.1933,298.8196,-27.9049
10998,2006os,11105,200046,35.61,0.05,0.0328,0.0321,0.920,0.038,1.048,0.077,17.280,0.042,0.419,0.039,2.1,0.4,-0.0109,0.97,43.7542,16.0097,161.3829,-37.4687,321.8703,-22.8293
11470,2008fu,0,0,36.73,0.04,0.0524,0.0518,0.822,0.037,1.402,0.074,17.705,0.050,0.022,0.018,1.8,1.3,-0.0021,0.98,45.6188,-24.4560,216.7111,-60.6203,276.3685,-35.1082
11545,2008R,11545,200775,33.76,0.08,0.0135,0.0129,0.593,0.030,1.630,0.061,15.140,0.006,0.030,0.018,1.4,1.2,-0.0060,0.97,45.9738,-11.9943,195.0268,-55.9848,291.1941,-34.1248
11767,2005eq,11767,202582,35.40,0.04,0.0290,0.0284,1.122,0.032,0.813,0.060,16.241,0.006,0.109,0.017,2.4,0.6,-0.0054,0.98,47.2055,-7.0332,187.7321,-51.7758,298.4540,-34.0606
12241,2006gj,12237,200499,35.48,0.05,0.0283,0.0278,0.657,0.031,1.560,0.061,17.363,0.008,0.279,0.021,2.4,0.4,-0.0054,0.97,49.3992,-1.6917,183.7675,-47.0532,304.9128,-34.8166
12626,2002fk,12626,211466,32.45,0.16,0.0071,0.0066,0.979,0.030,1.044,0.079,13.269,0.006,0.030,0.011,2.6,1.2,-0.0024,0.98,50.5238,-15.4009,203.2218,-53.4382,288.2623,-38.9525
12651,2006mr,12651,200015,31.37,0.17,0.0059,0.0055,0.245,0.030,1.904,0.060,14.599,0.020,0.025,0.035,2.0,1.3,0.0084,0.88,50.6785,-37.2079,240.8073,-56.6443,260.5943,-38.5708
12669,2008gp,12669,202268,35.71,0.04,0.0334,0.0328,0.973,0.030,1.020,0.060,16.443,0.006,0.030,0.018,1.4,1.3,-0.0079,0.98,50.7530,1.3619,181.1198,-43.7330,309.5486,-34.9405
13179,2012fr,13418,200015,31.28,0.19,0.0055,0.0051,1.116,0.030,0.844,0.060,11.951,0.004,0.039,0.014,2.0,1.1,-0.0036,0.98,53.4000,-36.1271,238.3232,-54.5874,261.6201,-40.9320
13255,2005ke,13419,200100,31.86,0.19,0.0049,0.0045,0.418,0.030,1.691,0.061,14.140,0.008,0.317,0.025,1.0,0.2,-0.0012,0.98,53.7681,-24.9441,220.4844,-53.5283,275.5432,-42.4598
13297,2007jh,13297,205178,36.23,0.07,0.0408,0.0403,0.584,0.035,1.811,0.062,18.012,0.019,0.219,0.031,2.0,0.7,-0.0073,0.98,54.0066,1.1047,184.2128,-41.3963,310.6779,-38.0748
13433,2007on,13418,200015,31.49,0.14,0.0065,0.0062,0.574,0.030,1.673,0.061,12.915,0.006,0.007,0.010,2.0,1.4,0.0020,0.86,54.7121,-35.5750,238.5484,-53.5235,261.0885,-41.9273
13580,2006kf,13580,207788,34.80,0.05,0.0213,0.0208,0.733,0.030,1.503,0.061,15.942,0.005,0.045,0.024,1.8,1.2,-0.0088,0.98,55.4603,8.1569,178.5472,-35.7170,319.5295,-36.5532
13727,2001el,13727,201169,31.26,0.27,0.0039,0.0037,0.952,0.031,1.052,0.061,12.653,0.006,0.291,0.016,2.2,0.3,-0.0029,0.98,56.1275,-44.6398,252.1578,-51.3109,249.8268,-40.5399
14075,2009D,14075,209403,35.09,0.05,0.0250,0.0247,1.185,0.031,0.897,0.060,15.777,0.004,0.035,0.017,2.1,1.2,-0.0016,0.98,58.5951,-19.1817,212.6846,-47.5415,284.5069,-46.9073
14779,2009ab,14880,200059,33.53,0.09,0.0112,0.0109,0.874,0.030,1.272,0.061,14.663,0.006,0.121,0.025,2.2,0.6,-0.0092,0.97,64.1516,2.7642,190.1263,-32.2703,318.2599,-46.7014
16488,2009F,16493,200206,33.69,0.08,0.0130,0.0129,0.328,0.031,1.882,0.060,16.373,0.013,0.101,0.035,1.6,0.9,-0.0101,0.97,74.8482,-11.1306,210.6403,-29.9742,301.6044,-61.5870
16595,2006hb,16595,210457,34.08,0.07,0.0153,0.0153,0.673,0.035,1.584,0.069,15.373,0.036,0.094,0.024,1.8,0.7,-0.0081,0.97,75.5053,-21.1320,221.8077,-33.1595,280.1790,-62.6675
16650,2009ad,16650,208442,35.33,0.04,0.0284,0.0283,1.015,0.031,0.959,0.061,16.161,0.006,0.083,0.018,2.0,0.6,-0.0056,0.97,75.8891,6.6599,193.7114,-20.3667,333.4159,-54.4776
16899,2005el,16899,202615,34.04,0.07,0.0149,0.0149,0.838,0.030,1.352,0.060,14.943,0.007,0.007,0.008,1.5,1.4,-0.0031,0.97,77.9532,5.1942,196.1843,-19.3892,333.7256,-56.9942
17176,2004gc,75312,200017,35.38,0.09,0.0321,0.0321,0.923,0.038,1.079,0.076,16.576,0.046,0.226,0.051,1.9,0.8,-0.0095,0.93,80.4574,6.6767,196.1986,-16.4908,338.8686,-57.8534
19423,2008bq,19386,200125,35.74,0.05,0.0340,0.0344,1.155,0.031,0.919,0.061,16.670,0.005,0.127,0.022,2.5,0.9,-0.0110,0.97,100.2605,-38.0386,247.0739,-18.2507,213.6137,-67.3880
19913,2008C,19913,110686,34.28,0.07,0.0166,0.0171,0.953,0.039,1.060,0.078,15.470,0.045,0.244,0.034,1.8,0.5,-0.0117,0.97,104.2980,20.4371,195.1720,10.3791,27.3147,-53.8499
19925,2008O,19925,201306,36.26,0.04,0.0388,0.0393,0.654,0.032,1.617,0.061,17.828,0.011,0.310,0.025,1.2,0.3,-0.0049,0.97,104.3936,-45.8123,256.4865,-18.3259,205.5908,-59.1929
20020,2005na,20020,101998,35.08,0.05,0.0263,0.0268,0.958,0.031,1.030,0.061,16.006,0.006,0.071,0.016,2.5,0.9,-0.0069,0.94,105.4026,14.1333,201.3981,8.6060,29.6600,-60.1133
20363,2009ag,20363,202956,33.10,0.10,0.0086,0.0093,0.962,0.031,1.049,0.062,14.434,0.009,0.286,0.039,2.0,0.5,-0.0153,0.97,107.9200,-26.6851,239.4488,-7.9532,188.4842,-77.9048
20551,2008fp,20551,211206,31.72,0.14,0.0057,0.0063,1.082,0.031,0.807,0.060,13.472,0.005,0.518,0.034,2.2,0.3,-0.0070,0.89,109.1358,-29.3255,242.3782,-8.2087,188.1432,-74.9943
21373,2015F,21373,200281,31.23,0.18,0.0049,0.0053,0.847,0.030,1.303,0.060,12.663,0.006,0.203,0.075,2.3,0.6,-0.0068,0.69,114.0657,-69.5064,282.1300,-21.7961,202.2384,-34.9856
22884,2008hu,22884,102621,36.80,0.04,0.0497,0.0505,0.785,0.031,1.445,0.062,17.819,0.012,0.048,0.020,1.6,1.2,-0.0080,0.98,122.3115,-18.6536,238.9274,7.5266,129.9523,-71.9824
23498,2007ax,23498,103148,32.78,0.12,0.0069,0.0076,0.354,0.032,1.932,0.060,15.507,0.021,0.247,0.034,1.5,0.5,-0.0068,0.97,125.6803,22.5547,201.1183,29.5828,56.2895,-46.1257
23700,2005mc,23700,108151,35.22,0.09,0.0252,0.0260,0.640,0.039,1.613,0.071,16.920,0.040,0.253,0.035,1.9,0.7,-0.0045,0.98,126.7765,21.6460,202.4978,30.2365,58.2319,-46.3545
23918,2007bd,23918,107120,35.66,0.04,0.0310,0.0319,0.882,0.030,1.274,0.062,16.559,0.008,0.065,0.015,1.0,0.9,-0.0060,0.98,127.8870,-1.1978,226.3878,21.3548,88.0313,-62.3084
24156,2008bi,24156,108573,34.05,0.08,0.0134,0.0144,0.480,0.040,1.977,0.073,16.426,0.071,0.297,0.048,2.3,0.6,-0.0193,0.97,128.9725,0.7064,224.8626,23.4105,85.3709,-60.1688
24286,2004gs,24286,108410,35.49,0.05,0.0266,0.0275,0.689,0.030,1.557,0.060,16.969,0.005,0.190,0.014,1.9,0.4,-0.0027,0.98,129.5994,17.6313,207.9600,31.3153,64.8709,-48.0436
24848,2008ia,24848,207260,34.85,0.05,0.0220,0.0226,0.841,0.030,1.341,0.060,15.911,0.006,0.064,0.024,2.2,1.1,-0.0112,0.97,132.6465,-61.2779,278.1917,-11.0979,189.1905,-39.5941
25646,2008hv,25646,109285,33.88,0.07,0.0125,0.0136,0.846,0.030,1.329,0.060,14.766,0.005,0.015,0.011,1.1,1.4,-0.0057,0.97,136.8919,3.3923,226.6596,31.6146,89.0160,-52.0593
26089,2009cz,26013,100196,34.90,0.05,0.0211,0.0220,1.189,0.032,0.893,0.062,15.687,0.007,0.072,0.018,2.4,0.9,-0.0046,0.98,138.7501,29.7353,196.3619,42.7821,63.0709,-33.3990
26151,2005am,26151,102979,32.45,0.10,0.0079,0.0090,0.725,0.030,1.490,0.060,13.619,0.004,0.078,0.016,1.1,0.8,-0.0060,0.84,139.0520,-16.3044,246.6391,21.7814,123.3683,-56.1409
26840,2007as,26840,210837,34.44,0.06,0.0176,0.0179,0.884,0.030,1.179,0.060,15.391,0.005,0.118,0.026,1.4,0.6,-0.0106,0.98,141.9000,-80.1776,295.0345,-20.9214,200.0803,-23.0868
27404,2005M,27385,101363,35.19,0.05,0.0220,0.0230,1.208,0.030,0.796,0.060,15.907,0.002,0.055,0.020,2.0,1.0,-0.0028,0.98,144.3865,23.2028,206.8934,46.2171,72.9434,-34.3880
28357,1995al,28357,102672,32.29,0.23,0.0050,0.0059,1.126,0.034,0.891,0.061,13.213,0.008,0.182,0.017,2.0,0.7,-0.0031,0.94,147.7332,33.5526,192.1793,50.8346,66.2564,-25.3185
28949,2007S,28964,102043,33.70,0.07,0.0139,0.0150,1.114,0.031,0.796,0.061,15.408,0.008,0.475,0.017,2.3,0.1,-0.0017,0.88,150.1302,4.4073,234.3644,43.3825,96.6241,-39.8949
30868,2008fw,30785,100215,33.09,0.10,0.0085,0.0095,1.113,0.038,0.844,0.070,13.939,0.036,0.114,0.025,2.3,0.6,-0.0089,0.97,157.2332,-44.6654,278.1950,10.8005,161.5157,-36.5912
31768,2005ki,31768,106932,34.67,0.05,0.0192,0.0204,0.825,0.030,1.359,0.060,15.597,0.004,0.017,0.011,1.4,1.3,-0.0039,0.97,160.1181,9.1825,236.8320,54.2684,96.2954,-28.8935
32207,1994ae,32207,112647,32.09,0.26,0.0040,0.0051,1.046,0.031,0.918,0.061,13.073,0.008,0.187,0.018,1.7,0.7,-0.0042,0.98,161.7581,17.2752,225.3412,59.6654,88.8786,-23.9949
32466,2008bt,32479,100324,34.25,0.07,0.0154,0.0166,0.470,0.031,1.815,0.061,16.254,0.008,0.251,0.025,1.1,0.4,-0.0037,0.97,162.5708,-12.1088,262.3032,40.8202,121.1122,-33.0029
32555,2009al,32559,100710,34.83,0.06,0.0221,0.0233,1.174,0.050,0.674,0.063,16.021,0.047,0.206,0.031,2.7,0.6,-0.0107,0.96,162.8420,8.5785,240.4451,56.1001,98.1162,-26.6548
32694,2012ht,32787,0,32.08,0.18,0.0036,0.0047,0.853,0.030,1.194,0.060,12.995,0.006,0.034,0.011,2.1,1.1,-0.0041,0.96,163.3448,16.7764,227.5519,60.8262,90.0962,-22.8536
34630,2007bc,34630,108274,34.78,0.05,0.0208,0.0219,0.876,0.031,1.293,0.061,15.806,0.006,0.109,0.013,1.7,0.5,-0.0030,0.97,169.8193,20.8135,224.6662,68.0596,88.9515,-15.5958
34730,2009P,170132,100967,35.36,0.05,0.0251,0.0263,1.093,0.042,0.796,0.063,16.631,0.015,0.428,0.022,1.7,0.3,-0.0032,0.97,170.1616,-3.5462,264.7289,51.5354,114.3852,-23.9051
34991,2009aa,0,0,35.33,0.04,0.0273,0.0285,0.908,0.030,1.197,0.060,16.302,0.007,0.085,0.014,2.0,0.7,-0.0058,0.97,170.9262,-22.2707,277.7881,35.8223,134.3803,-26.6847
35006,2006ax,35006,109270,34.35,0.06,0.0167,0.0180,0.987,0.030,0.985,0.060,15.077,0.004,0.020,0.012,1.6,1.2,-0.0040,0.97,171.0144,-12.2914,272.1770,44.7985,123.4916,-25.0126
35088,2007bm,35088,100726,32.21,0.12,0.0062,0.0074,0.899,0.031,1.194,0.061,13.979,0.007,0.532,0.020,1.8,0.1,-0.0021,0.93,171.2596,-9.7983,270.9047,46.9545,121.0528,-24.2918
36068,2006bd,36487,100005,35.36,0.06,0.0257,0.0268,0.376,0.033,1.913,0.060,18.030,0.025,0.362,0.040,1.6,0.4,-0.0088,0.98,174.6233,20.5273,230.6282,72.0842,91.0226,-11.5669
36909,2009ds,36909,108280,34.60,0.05,0.0193,0.0205,1.125,0.036,0.795,0.063,15.394,0.009,0.151,0.018,1.5,0.5,-0.0038,0.97,177.2671,-9.7291,278.8262,49.6438,122.2781,-18.4908
37466,2011by,37642,100008,31.84,0.30,0.0028,0.0034,0.956,0.030,1.047,0.066,12.836,0.006,0.139,0.014,1.8,0.4,-0.0031,0.95,178.9398,55.3261,138.8412,60.0490,59.9466,4.7403
37520,1998aq,37642,100008,31.55,0.27,0.0037,0.0043,0.949,0.030,1.046,0.060,12.433,0.006,0.025,0.012,2.0,1.3,-0.0008,0.95,179.1078,55.1287,138.8370,60.2685,60.1660,4.7593
37967,2007sr,37969,100219,31.72,0.13,0.0055,0.0067,0.989,0.035,0.981,0.070,12.600,0.035,0.183,0.028,1.3,0.5,-0.0087,0.60,180.4700,-18.9727,287.3280,41.4251,132.8821,-17.4739
38146,2008bf,38156,100018,35.10,0.05,0.0235,0.0246,1.022,0.030,0.927,0.060,15.744,0.004,0.014,0.012,1.1,1.4,-0.0067,0.98,181.0121,20.2452,242.8246,77.1630,93.4133,-6.0567
38169,2005bl,38156,100018,35.06,0.09,0.0240,0.0251,0.387,0.032,1.906,0.061,17.806,0.022,0.330,0.033,1.9,0.6,-0.0052,0.97,181.0510,20.4068,242.3148,77.2845,93.2719,-5.9690
39401,2005bg,0,0,35.04,0.07,0.0231,0.0242,1.002,0.040,1.023,0.079,15.828,0.037,0.075,0.029,1.9,0.8,-0.0021,0.98,184.3218,16.3715,264.8527,76.6470,98.1020,-4.3040
40153,2006X,41220,100002,30.97,0.13,0.0052,0.0063,0.972,0.031,1.057,0.062,14.018,0.008,1.352,0.018,1.8,0.1,-0.0006,0.70,185.7247,15.8089,271.1507,76.8853,99.0465,-3.1882
40400,2008ar,40183,101087,35.33,0.04,0.0261,0.0273,0.971,0.031,1.006,0.061,16.205,0.007,0.103,0.015,1.6,0.6,-0.0043,0.98,186.1580,10.8382,280.4863,72.5314,103.9317,-4.2477
40809,2012cg,41220,100002,30.84,0.38,0.0015,0.0026,1.056,0.031,0.772,0.062,11.929,0.006,0.162,0.015,2.9,0.4,-0.0043,0.89,186.8035,9.4203,283.8968,71.3912,105.4766,-4.0488
41823,1981B,41789,170002,30.89,0.15,0.0060,0.0072,0.921,0.031,1.140,0.062,11.886,0.007,0.147,0.023,1.7,0.5,-0.0065,0.98,188.6232,2.1998,292.9699,64.7432,112.9348,-4.3376
42741,1990N,42741,150002,31.78,0.29,0.0030,0.0041,1.122,0.031,0.961,0.061,12.677,0.007,0.128,0.016,2.3,0.7,-0.0021,0.92,190.7362,13.2565,294.3676,75.9867,102.8801,0.7309
43319,2007N,43763,100015,33.93,0.09,0.0129,0.0140,0.304,0.031,1.888,0.060,17.073,0.013,0.436,0.037,1.3,0.3,-0.0035,0.97,192.2552,-9.4528,301.9518,52.6519,125.9005,-4.1746
43382,2005bo,43382,110832,33.79,0.10,0.0139,0.0150,0.850,0.031,1.293,0.063,15.423,0.005,0.333,0.016,2.2,0.5,-0.0032,0.94,192.4210,-11.0965,302.2399,51.5941,126.9690,-4.2955
43690,2006D,43690,112531,32.97,0.10,0.0085,0.0096,0.814,0.030,1.375,0.060,14.084,0.004,0.135,0.015,1.6,0.5,-0.0039,0.96,193.1411,-9.7752,303.3868,52.4613,126.3186,-3.3851
46081,2008cd,46247,100019,32.39,0.29,0.0074,0.0085,1.012,0.085,1.071,0.169,17.152,0.068,1.911,0.074,2.1,0.4,-0.0160,0.89,198.7573,-15.9519,311.0146,45.6242,134.0323,0.0995
46959,2007cg,46933,100574,35.34,0.08,0.0332,0.0342,1.108,0.055,0.811,0.079,17.545,0.056,0.738,0.044,2.2,0.3,-0.0083,0.16,201.3899,-24.6523,312.6360,37.1491,142.5938,0.0627
47422,2006br,47373,102424,35.03,0.06,0.0246,0.0255,0.909,0.042,1.107,0.093,18.009,0.052,0.997,0.045,2.2,0.2,-0.0073,0.96,202.5075,13.4158,338.1700,73.5876,105.6574,11.8483
47514,2007ca,47514,0,33.96,0.07,0.0141,0.0151,1.058,0.031,0.872,0.061,15.632,0.006,0.343,0.021,3.1,0.3,-0.0049,0.97,202.7742,-15.1018,316.8996,46.5167,133.6321,4.2586
49090,2005al,49025,100011,34.07,0.07,0.0124,0.0133,0.858,0.030,1.340,0.060,14.936,0.005,0.009,0.009,1.6,1.3,-0.0019,0.96,207.5062,-30.5784,317.2899,29.6730,150.4703,3.0547
50063,2011fe,50063,101379,29.11,0.87,0.0008,0.0012,0.946,0.030,1.068,0.060,9.968,0.003,0.117,0.014,0.9,0.4,-0.0031,0.98,210.7738,54.2737,101.9833,59.8435,63.6642,22.6021
51344,2007af,51344,112716,31.98,0.14,0.0055,0.0063,0.926,0.030,1.084,0.061,13.074,0.005,0.166,0.015,2.0,0.4,-0.0036,0.95,215.5876,-0.3938,344.4092,54.3210,123.7262,20.6678
52091,2003du,52091,0,32.84,0.16,0.0064,0.0067,1.006,0.030,0.979,0.060,13.534,0.004,0.025,0.013,1.0,1.3,-0.0063,0.98,218.6492,59.3344,101.1798,53.2184,57.4520,26.0764
52521,2009Y,52521,108188,33.13,0.09,0.0094,0.0101,1.189,0.031,1.026,0.062,13.861,0.008,0.146,0.026,1.3,0.5,-0.0069,0.97,220.5986,-17.2467,337.0417,37.7384,142.1320,19.3884
54516,2007ba,54526,100094,35.69,0.04,0.0385,0.0391,0.542,0.031,1.685,0.062,17.436,0.009,0.200,0.022,1.0,0.4,-0.0036,0.31,229.1742,7.3969,9.8913,50.3419,118.6952,36.0249
54817,2005cf,54809,102898,32.33,0.15,0.0065,0.0070,0.970,0.031,1.039,0.102,13.210,0.007,0.093,0.019,2.3,0.6,-0.0062,0.98,230.3880,-7.4492,354.1157,39.3039,136.9790,31.9954
57502,2007ai,57502,105973,35.62,0.05,0.0316,0.0320,1.229,0.032,0.844,0.062,16.842,0.008,0.229,0.043,2.4,0.6,-0.0144,0.97,243.2239,-21.6302,352.7271,20.8110,158.9383,35.2216
63413,2008fl,63413,207104,34.44,0.06,0.0199,0.0194,0.855,0.035,1.329,0.070,15.578,0.038,0.129,0.029,2.0,0.7,-0.0106,0.96,294.1868,-37.5513,0.7223,-24.8693,216.4095,34.9419
64319,2008ff,64317,200157,34.60,0.06,0.0192,0.0187,1.117,0.032,0.880,0.061,15.232,0.009,0.120,0.020,1.0,0.5,-0.0048,0.97,303.4998,-44.3522,355.0683,-32.9679,221.9819,26.7447
64932,2004eo,64932,201267,33.96,0.07,0.0157,0.0147,0.818,0.030,1.314,0.060,15.063,0.008,0.130,0.025,1.1,0.7,-0.0098,0.97,308.2258,9.9285,54.1680,-17.2742,285.7970,65.4682
66000,2008cc,66000,210111,32.88,0.09,0.0104,0.0101,0.788,0.035,1.402,0.070,14.087,0.038,0.114,0.022,2.2,0.6,-0.0083,0.92,315.8734,-67.1836,326.7504,-37.3633,218.2160,3.5518
66880,2006ev,66880,206432,35.50,0.05,0.0287,0.0276,0.846,0.036,1.334,0.070,16.931,0.039,0.240,0.031,2.4,0.5,-0.0122,0.97,322.7469,13.9892,66.7561,-26.3324,299.1245,52.3216
67410,2004ey,0,0,34.12,0.07,0.0158,0.0146,1.010,0.030,0.967,0.060,14.820,0.002,0.026,0.018,1.3,1.3,-0.0074,0.97,327.2825,0.4442,57.4713,-38.2721,281.1172,44.4292
68535,2013dy,68535,212316,31.28,0.34,0.0039,0.0029,1.099,0.031,0.844,0.060,12.561,0.005,0.244,0.028,2.9,0.5,-0.0112,0.94,334.5733,40.5693,93.9784,-13.5382,336.5678,39.6476
69172,2005kc,69172,207851,33.83,0.07,0.0151,0.0139,0.899,0.031,1.176,0.061,15.342,0.007,0.314,0.025,2.2,0.3,-0.0066,0.97,338.5306,5.5684,72.3380,-43.4130,292.0887,35.3714
69453,2006bh,69453,209504,33.36,0.09,0.0108,0.0105,0.801,0.030,1.391,0.060,14.371,0.003,0.035,0.012,1.6,1.1,-0.0049,0.97,340.0671,-66.4851,320.1796,-45.1832,225.1971,-2.5074
69533,2004ef,69533,206985,35.53,0.05,0.0310,0.0298,0.816,0.030,1.331,0.060,16.733,0.003,0.162,0.016,1.8,0.5,-0.0038,0.98,340.5439,19.9969,85.9251,-33.4264,310.0254,36.0190
70290,2007hj,70290,210574,33.94,0.08,0.0141,0.0129,0.605,0.030,1.615,0.061,15.409,0.005,0.120,0.023,1.4,0.7,-0.0090,0.96,345.4496,15.5865,87.7511,-39.6802,305.4950,30.8244
72001,2007le,72001,211453,32.23,0.16,0.0067,0.0055,1.024,0.030,0.961,0.061,13.584,0.005,0.380,0.016,1.9,0.2,-0.0017,0.97,354.7019,-6.5227,78.4736,-63.8180,283.7209,16.0639
73098,2005iq,0,0,35.91,0.04,0.0340,0.0329,0.872,0.030,1.278,0.061,16.814,0.005,0.030,0.011,2.2,1.2,-0.0023,0.97,359.6354,-18.7092,63.1597,-75.5243,273.9350,7.6135
73820,2006hx,4500,200758,36.22,0.04,0.0455,0.0444,0.988,0.035,1.028,0.065,17.407,0.023,0.217,0.021,2.4,0.5,-0.0059,0.94,18.4888,0.3717,134.9811,-61.9722,298.0938,-4.4566
90108,2008bc,27481,202498,34.15,0.06,0.0151,0.0157,1.048,0.030,0.894,0.060,14.778,0.004,0.024,0.020,1.5,1.3,-0.0078,0.97,144.6301,-63.9738,284.2578,-9.3158,187.0043,-33.6156
92948,2004gu,43086,101442,36.64,0.04,0.0458,0.0469,1.250,0.032,0.823,0.061,17.280,0.009,0.097,0.031,1.0,0.7,-0.0048,0.98,191.6030,11.9489,298.2467,74.7749,104.3694,1.1866
200171,2005ag,0,0,37.82,0.04,0.0794,0.0800,1.190,0.031,0.916,0.060,18.443,0.005,0.031,0.018,1.6,1.3,-0.0024,0.98,224.1802,9.3266,7.8445,55.5012,115.0563,31.6647
213672,2007ux,29387,100307,35.76,0.04,0.0309,0.0320,0.586,0.031,1.634,0.061,17.195,0.006,0.095,0.019,1.3,0.7,-0.0064,0.98,152.3333,14.9924,222.3901,50.4816,86.2222,-33.0350
214352,2005be,53552,105065,35.88,0.05,0.0350,0.0356,0.760,0.035,1.455,0.073,16.914,0.039,0.032,0.022,1.7,1.3,-0.0019,0.98,224.8863,16.6699,20.1735,58.6079,106.6228,33.6733
766647,2008cf,0,0,36.51,0.04,0.0460,0.0468,1.117,0.046,0.804,0.073,17.058,0.039,0.014,0.014,1.5,1.3,-0.0036,0.98,211.8857,-26.5518,322.9685,32.4168,148.0603,8.0979
836926,2008go,134336,200383,37.12,0.04,0.0624,0.0613,0.912,0.038,1.093,0.089,17.993,0.007,0.107,0.016,1.0,0.7,-0.0045,0.98,332.6868,-20.7881,32.8347,-53.0979,260.0471,29.3189
1114283,2006gt,3342,200043,36.41,0.04,0.0447,0.0436,0.554,0.031,1.645,0.061,17.964,0.010,0.081,0.019,2.0,1.0,-0.0072,0.98,14.0721,-1.6294,125.7864,-64.8662,294.5904,-0.8533
1131943,2007hx,0,0,37.74,0.06,0.0798,0.0789,1.059,0.053,0.905,0.082,19.044,0.045,0.281,0.033,2.4,0.5,-0.0080,0.98,31.6137,-0.8993,161.4014,-58.8970,299.6786,-17.6588
1146479,2007ol,6183,201468,36.95,0.04,0.0559,0.0549,0.696,0.046,1.576,0.067,18.115,0.023,0.007,0.008,1.7,1.3,-0.0004,0.98,24.3491,-0.3117,147.5968,-61.4925,298.5271,-10.4255
1154145,2005ku,0,0,36.46,0.06,0.0454,0.0442,0.950,0.050,1.027,0.089,17.432,0.049,0.158,0.037,1.7,0.8,-0.0073,0.98,344.9276,0.0137,73.6439,-51.8319,287.9897,27.6593
1186356,2007jd,0,0,37.74,0.05,0.0726,0.0719,0.875,0.044,1.304,0.065,18.734,0.051,0.121,0.035,1.7,0.8,-0.0095,0.95,44.9737,1.1602,175.6825,-48.1095,307.0367,-29.5628
1188501,2006eq,66830,204159,36.57,0.05,0.0495,0.0484,0.616,0.038,1.612,0.071,18.258,0.045,0.196,0.033,2.1,0.6,-0.0114,0.98,322.1547,1.2281,54.6251,-33.6243,279.3121,49.4680
1389223,2008bz,0,0,37.21,0.04,0.0602,0.0613,0.930,0.037,1.093,0.079,17.982,0.038,0.019,0.017,1.7,1.4,-0.0015,0.98,189.7406,11.1295,291.9447,73.7345,104.6543,-0.7933
3116670,2005ir,0,0,37.66,0.04,0.0763,0.0753,1.121,0.036,0.884,0.065,18.352,0.011,0.078,0.017,2.0,0.8,-0.0014,0.98,19.1823,0.7945,136.2414,-61.4220,298.6916,-5.0086
3333560,2006py,1148102,200831,36.79,0.05,0.0579,0.0566,0.950,0.040,1.059,0.077,17.813,0.016,0.146,0.020,2.0,0.7,-0.0029,0.95,340.4252,-0.1371,68.1882,-48.9447,285.9438,31.8143
3519005,2007mm,0,0,37.21,0.09,0.0664,0.0653,0.501,0.035,1.909,0.062,19.237,0.023,0.254,0.031,1.8,0.7,-0.0066,0.94,16.4445,-0.7588,131.1344,-64.0134,295.8586,-2.9606
3749746,2007al,28927,100121,33.80,0.09,0.0121,0.0133,0.335,0.037,1.874,0.060,16.614,0.044,0.188,0.041,2.1,0.6,-0.0102,0.97,149.8270,-19.4738,257.0609,26.8918,129.5551,-46.0768
4014698,2007jg,0,0,36.19,0.04,0.0371,0.0366,0.914,0.031,1.212,0.061,17.207,0.007,0.111,0.019,2.3,0.7,-0.0073,0.96,52.4617,0.0568,184.0099,-43.2569,308.7593,-36.9933
4131950,2005hj,0,0,37.05,0.04,0.0580,0.0570,1.280,0.034,0.796,0.062,17.695,0.009,0.027,0.034,1.3,1.3,-0.0088,0.98,21.7017,-1.2381,142.8132,-63.1392,297.0208,-8.0943
5068419,2006lu,0,0,36.88,0.04,0.0534,0.0544,1.049,0.037,0.933,0.071,17.534,0.039,0.030,0.023,1.7,1.3,-0.0016,0.98,138.8235,-25.6001,254.3281,15.2583,140.8368,-55.6617
5069093,2008fr,0,0,36.22,0.04,0.0390,0.0379,1.056,0.038,0.911,0.071,16.826,0.039,0.026,0.019,1.5,1.3,-0.0076,0.97,17.9548,14.6408,130.3016,-47.9391,311.6693,0.0119
5069157,2006is,16966,200310,35.40,0.06,0.0313,0.0314,1.323,0.039,0.796,0.072,16.124,0.040,0.007,0.009,1.6,1.4,-0.0025,0.91,79.3932,-23.7817,226.5826,-30.7487,271.6358,-65.5602
5069182,2006fw,0,0,37.36,0.09,0.0829,0.0820,0.888,0.058,1.093,0.123,18.982,0.055,0.287,0.033,2.2,0.7,-0.0045,0.19,26.7930,-0.1469,151.8331,-60.1174,299.6337,-12.6576
