# SGA_ID DESI_NAME RA Dec z_desi V_0p4R26  V_0p4R26_err  V_PEC  V_ERR_PEC
2101 DESIXJ10343883+0300202 158.661791 3.005598 0.0716 170 1 -1975 401
5958 DESIXJ14233131+5255240 215.880443 52.923323 0.1058 35 2 64740 3284
7813 DESIXJ09230080+0631513 140.753332 6.530916 0.0616 176 4 -423 621
8240 DESIXJ12481358+5859414 192.056588 58.994822 0.0432 58 3 4494 1114
12657 DESIXJ16001270+3353171 240.052925 33.888080 0.0586 101 0 10585 315
13329 DESIXJ01191951+0116113 19.831281 1.269794 0.0863 64 1 38606 776
13497 DESIXJ14485641-0043381 222.235028 -0.727249 0.0281 78 1 -531 274
14796 DESIXJ10345431+0359292 158.726271 3.991452 0.1188 327 12 -8482 1825
16443 DESIXJ12494467-0258262 192.436116 -2.973949 0.0564 138 1 11090 295
16445 DESIXJ10374024+1200336 159.417651 12.009340 0.0693 141 3 10452 822
17352 DESIXJ12290298+6038247 187.262398 60.640191 0.0436 122 5 -3395 732
20119 DESIXJ12553689-0053019 193.903724 -0.883855 0.0227 109 1 -1001 155
20188 DESIXJ13371963-0115381 204.331777 -1.260594 0.0800 116 1 9628 503
22448 DESIXJ14304316+3014554 217.679836 30.248735 0.0687 199 1 5145 410
22641 DESIXJ14191621+0459453 214.817522 4.995920 0.0860 52 3 33220 1983
24144 DESIXJ09260700+3859156 141.529151 38.987663 0.0568 121 8 4829 1452
25365 DESIXJ23364695+0037237 354.195633 0.623252 0.0088 24 4 1478 575
25798 DESIXJ07392062+2721384 114.835922 27.360675 0.0267 124 2 -1388 231
25803 DESIXJ14004608-0307405 210.192006 -3.127917 0.0361 80 1 -1491 344
25840 DESIXJ14501789+0358399 222.574540 3.977763 0.0647 92 4 5000 1207
27009 DESIXJ12182141+5943532 184.589220 59.731443 0.0493 156 7 3804 887
28334 DESIXJ13034271+0557361 195.927943 5.960023 0.0625 194 2 -4930 480
29655 DESIXJ13044885+5540123 196.203526 55.670074 0.0282 122 1 -2233 249
30103 DESIXJ14255696-0223394 216.487324 -2.394281 0.0312 33 2 10859 841
30384 DESIXJ12311844-0050555 187.826813 -0.848759 0.0606 61 2 23943 982
31023 DESIXJ16524352+3922126 253.181351 39.370173 0.0155 243 15 -5498 378
31095 DESIXJ14202342+0409149 215.097581 4.154139 0.0546 54 3 13630 1303
32819 DESIXJ13503213+0311390 207.633880 3.194159 0.0325 203 4 2806 273
33824 DESIXJ11490788-0240436 177.282845 -2.678773 0.1002 96 2 22778 972
35412 DESIXJ08275662+1742046 126.985915 17.701266 0.0270 70 3 -40 474
36247 DESIXJ16043205+1228305 241.133545 12.475134 0.0408 123 6 2415 869
37196 DESIXJ15400042+3118090 235.001740 31.302502 0.0673 147 1 4079 355
39242 DESIXJ14143182+4530446 213.632590 45.512390 0.0678 185 4 -6149 744
45215 DESIXJ14295827+3652250 217.492792 36.873609 0.0026 43 2 -618 62
47293 DESIXJ13214648+0012549 200.443678 0.215254 0.0341 190 1 -308 178
48103 DESIXJ10440588-0057449 161.024483 -0.962459 0.0265 43 2 6064 554
48474 DESIXJ09562878-0559147 149.119918 -5.987413 0.0687 212 1 -846 401
49905 DESIXJ12341406-0727525 188.558564 -7.464592 0.0261 81 1 469 198
50579 DESIXJ13355299-0354173 203.970780 -3.904803 0.0579 61 1 15087 483
51242 DESIXJ09461313-0337247 146.554709 -3.623530 0.0376 42 1 16242 559
52557 DESIXJ09372435-0355208 144.351462 -3.922446 0.0694 158 2 6637 517
56285 DESIXJ10081748-0346035 152.072818 -3.767651 0.0203 86 0 3616 116
56934 DESIXJ17241315+1355133 261.054777 13.920349 0.0304 74 2 5396 483
59575 DESIXJ14102314-0352133 212.596425 -3.870373 0.0478 121 3 2382 491
59839 DESIXJ21451219-0308546 326.300812 -3.148498 0.0562 137 3 5784 560
62270 DESIXJ16362741+0130397 249.114218 1.511015 0.0326 78 3 -760 610
63208 DESIXJ02154374-0536307 33.932270 -5.608532 0.0533 123 2 3113 382
63795 DESIXJ04190791-0654413 64.782950 -6.911471 0.0624 151 1 -268 316
64390 DESIXJ11411175-0347542 175.298941 -3.798381 0.0978 168 1 15437 534
67113 DESIXJ07330447+2956595 113.268625 29.949874 0.0612 152 1 2006 298
67467 DESIXJ13541640-0132379 208.568344 -1.543872 0.0357 135 1 1466 278
71498 DESIXJ17422301+3209337 265.595880 32.159361 0.0582 233 10 -4256 1013
74936 DESIXJ09593139-0119377 149.880776 -1.327140 0.0464 143 1 1479 257
76197 DESIXJ11214584+0225176 170.441018 2.421566 0.0086 69 14 -1705 706
76832 DESIXJ09175495-0127369 139.478950 -1.460251 0.0736 260 1 -1545 393
77119 DESIXJ11280609-0745287 172.025376 -7.757984 0.0615 244 3 -3988 466
79997 DESIXJ09491824-0148546 147.325990 -1.815159 0.0313 55 1 4513 333
83789 DESIXJ21055390-0255231 316.474596 -2.923087 0.0491 87 11 7086 2420
85358 DESIXJ10295501-0314079 157.479189 -3.235518 0.0378 400 1 -9941 244
85952 DESIXJ13001776-0709539 195.073995 -7.164968 0.0905 230 3 -10153 676
86092 DESIXJ10043271-0138005 151.136276 -1.633458 0.0452 51 7 8036 2557
90227 DESIXJ22572042+1919364 344.335100 19.326779 0.0635 198 3 2433 557
90602 DESIXJ16343479+2137151 248.644965 21.620851 0.0318 16 2 23884 1588
93568 DESIXJ09085105+0326550 137.212693 3.448604 0.0128 72 3 1155 266
94880 DESIXJ20352115-0600274 308.838143 -6.007604 0.1192 178 2 10847 822
95000 DESIXJ14290603+0750458 217.275106 7.846043 0.0269 59 0 8897 197
97774 DESIXJ09342782+3906165 143.615903 39.104596 0.0628 125 1 11390 451
100528 DESIXJ14431166+3810458 220.798584 38.179401 0.0595 77 1 14887 474
102773 DESIXJ10471301+0012160 161.804207 0.204445 0.0378 57 1 7045 402
108639 DESIXJ16023393+1327055 240.641362 13.451541 0.0473 91 3 6748 652
110020 DESIXJ14420634+0319509 220.526418 3.330800 0.0253 87 2 3001 276
112373 DESIXJ08564387+4453486 134.182772 44.896824 0.0475 108 2 6961 554
112458 DESIXJ15303759+3216543 232.656644 32.281737 0.0911 237 1 -5406 487
112991 DESIXJ11090708+0203262 167.279490 2.057276 0.0573 237 2 -3882 390
114077 DESIXJ14331996+4115567 218.333174 41.265745 0.0182 23 5 5050 1710
114981 DESIXJ14590952+3045004 224.789679 30.750123 0.0334 19 1 23345 917
116556 DESIXJ10204363-0101011 155.181806 -1.016963 0.0525 136 2 166 478
120000 DESIXJ08180546+0730052 124.522753 7.501456 0.0758 178 1 3162 356
121987 DESIXJ13291382+0043428 202.307600 0.728549 0.0225 101 2 1143 196
123245 DESIXJ12265999+4839041 186.749964 48.651150 0.1013 73 4 36135 2421
124550 DESIXJ07572633+1232090 119.359721 12.535835 0.0484 94 5 113 1088
124779 DESIXJ11572350+0432350 179.347931 4.543054 0.0202 129 2 34 174
126228 DESIXJ09513533+0026053 147.897213 0.434813 0.0207 53 0 4377 125
126893 DESIXJ11183401+0100420 169.641704 1.011676 0.0622 25 1 44345 1280
128982 DESIXJ11262587-0152407 171.607783 -1.877972 0.0395 157 1 1410 201
129471 DESIXJ15415350+3537529 235.472916 35.631352 0.1144 106 6 34128 2554
133855 DESIXJ17500760+6525189 267.531673 65.421929 0.0443 96 1 3170 352
134311 DESIXJ18383683+5215548 279.653447 52.265230 0.1094 216 3 7704 844
142851 DESIXJ10120281-0214569 153.011694 -2.249137 0.0203 55 22 -787 3922
147369 DESIXJ11465997-0607406 176.749882 -6.127935 0.0271 142 3 -5569 293
149009 DESIXJ12004772-0001242 180.198842 -0.023393 0.0065 14 4 2674 1048
156271 DESIXJ01351006+2400267 23.791926 24.007423 0.0110 86 2 -2174 153
156492 DESIXJ12442880+0028055 191.119993 0.468207 0.0039 60 13 -26 364
157785 DESIXJ01233560+0759178 20.898346 7.988275 0.0863 298 8 -2740 954
158139 DESIXJ16211039+0247556 245.293279 2.798787 0.0247 84 5 1153 557
159405 DESIXJ04381668-0641526 69.569504 -6.697934 0.0595 239 5 -1841 535
162013 DESIXJ15521958+2934368 238.081587 29.576889 0.0331 24 4 11786 2202
167587 DESIXJ09201136-0229270 140.047352 -2.490831 0.0708 27 1 52729 1801
171380 DESIXJ10510084-0222526 162.753507 -2.381275 0.0218 126 0 -1836 105
173303 DESIXJ09323226-0540581 143.134409 -5.682807 0.0215 111 1 242 151
174444 DESIXJ10080236-0434491 152.009843 -4.580296 0.0592 58 1 15795 653
175499 DESIXJ09004832-0630522 135.201333 -6.514511 0.0454 218 2 -450 266
176404 DESIXJ10431901+0508180 160.829224 5.138330 0.0681 47 2 36294 1279
178570 DESIXJ01075975+0308336 16.998974 3.142659 0.0451 201 2 -2297 321
180136 DESIXJ12143096+0210007 183.629016 2.166853 0.0743 166 3 6306 702
183222 DESIXJ03291081-0102465 52.295052 -1.046264 0.0358 39 6 7852 2236
184651 DESIXJ13132768+5332448 198.365340 53.545782 0.0639 193 10 -1377 1330
186035 DESIXJ10164058+0251250 154.169072 2.856957 0.0482 245 2 -3512 308
186239 DESIXJ12403465+6249174 190.144377 62.821500 0.0748 197 2 3998 576
186389 DESIXJ12024823+6533350 180.700967 65.559710 0.0315 94 3 -4903 496
188741 DESIXJ15510153+0636226 237.756370 6.606287 0.0687 46 3 25878 1875
190817 DESIXJ15280765+0617517 232.031890 6.297681 0.0609 170 5 3251 722
191796 DESIXJ16444523+2423036 251.188446 24.384343 0.0455 62 2 6918 856
194044 DESIXJ10000811+0245545 150.033774 2.765138 0.0289 139 0 -1573 168
194465 DESIXJ13355989+0338197 203.999562 3.638815 0.0228 37 3 4043 865
196562 DESIXJ00092156-0004136 2.339821 -0.070444 0.0576 151 3 -3423 542
196761 DESIXJ15502191+4312471 237.591275 43.213086 0.0347 89 4 -2612 614
198258 DESIXJ16273899+0848252 246.912478 8.807004 0.0507 95 9 8113 1831
198969 DESIXJ10513991+3731371 162.916298 37.526959 0.0306 71 1 6600 344
201663 DESIXJ16192140+3708021 244.839179 37.133925 0.0286 65 16 -68 3051
202115 DESIXJ15103430+3136188 227.642931 31.605224 0.0306 27 1 10299 776
202962 DESIXJ09423568+0129570 145.648656 1.499166 0.0467 91 4 6053 932
204059 DESIXJ12131234+5431225 183.301412 54.522905 0.0499 113 3 3401 617
205178 DESIXJ08110476+0617549 122.769827 6.298595 0.0145 96 1 -644 103
205349 DESIXJ12511461+0520344 192.810890 5.342889 0.0251 48 1 5317 342
206386 DESIXJ22461879+0106224 341.578305 1.106227 0.0582 247 2 -13438 343
207148 DESIXJ13120708+3404294 198.029494 34.074820 0.0336 17 5 17488 4868
207228 DESIXJ08014871+2608467 120.452948 26.146309 0.0266 117 1 230 205
208554 DESIXJ10380983-0013146 159.540954 -0.220718 0.0946 164 1 10799 582
208890 DESIXJ13500655+0716188 207.527289 7.271899 0.0528 19 2 29822 3106
212294 DESIXJ14595735+0144090 224.988959 1.735829 0.0532 88 5 811 1348
213390 DESIXJ22464711-0850050 341.696281 -8.834734 0.0627 156 2 141 408
215213 DESIXJ21252779+0452382 321.365810 4.877270 0.0850 38 1 56391 1387
216195 DESIXJ14114994-0028494 212.958078 -0.480398 0.0976 156 1 11533 536
218205 DESIXJ07324798+3759334 113.199897 37.992617 0.0357 62 2 7515 520
218706 DESIXJ13095110+0318334 197.462898 3.309292 0.1107 336 5 -10131 849
220474 DESIXJ10203116+0448549 155.129818 4.815254 0.0627 11 2 64132 5257
220485 DESIXJ12235153+5602588 185.964701 56.049668 0.0453 66 1 13074 508
221587 DESIXJ20524150-0331243 313.172920 -3.523405 0.0574 209 2 546 396
223700 DESIXJ20444754+0234521 311.198080 2.581153 0.0272 177 5 -13 354
230544 DESIXJ11234598-0442238 170.941576 -4.706612 0.0092 45 6 1796 457
232529 DESIXJ02235067-0437030 35.961138 -4.617495 0.0076 29 4 1030 429
232776 DESIXJ12151145-0043324 183.797726 -0.725664 0.0477 10 1 35065 2381
233377 DESIXJ10123542-0214211 153.147580 -2.239204 0.0200 50 4 1157 630
242577 DESIXJ22252975+2538239 336.373978 25.639977 0.0533 109 5 11099 1060
243701 DESIXJ06505707+6527272 102.737802 65.457560 0.0380 202 2 -6053 283
244408 DESIXJ02151179-0128327 33.799133 -1.475743 0.0366 95 5 307 833
245100 DESIXJ14111736+0121094 212.822317 1.352610 0.0256 73 3 -996 430
245760 DESIXJ11355776-0713196 173.990668 -7.222112 0.0764 145 4 3134 879
247282 DESIXJ10324634-0323411 158.193071 -3.394743 0.0379 175 2 -8923 238
253025 DESIXJ09390979-0323110 144.790796 -3.386380 0.0829 227 2 -5724 506
254659 DESIXJ08373433+0145575 129.393043 1.765959 0.0738 214 2 5643 511
254679 DESIXJ12441698-0507459 191.070769 -5.129409 0.0555 184 2 611 387
257812 DESIXJ09130379-0736472 138.265772 -7.613108 0.0461 102 3 9369 549
258297 DESIXJ11265895-0439435 171.745617 -4.662081 0.0533 130 2 4993 446
260953 DESIXJ09124986-0720320 138.207753 -7.342217 0.0306 105 7 1955 864
261113 DESIXJ12172321-0105377 184.346716 -1.093807 0.0206 73 7 -2883 855
262623 DESIXJ14141315+5316137 213.554777 53.270463 0.0661 106 3 181 873
265348 DESIXJ06470128+6456003 101.755326 64.933405 0.0184 49 4 3205 650
270521 DESIXJ16021267+2028086 240.552800 20.469055 0.0526 141 3 1650 523
271345 DESIXJ14505803-0052538 222.741802 -0.881599 0.0269 91 1 -264 202
274134 DESIXJ12582056+2637456 194.585669 26.629335 0.0883 245 15 -6899 2093
275742 DESIXJ15183114+3223342 229.629765 32.392829 0.0612 287 3 -774 429
276673 DESIXJ08002288+1058171 120.095320 10.971417 0.0608 230 4 -3663 514
276864 DESIXJ16104262+5343006 242.677578 53.716822 0.0303 82 1 1485 218
278277 DESIXJ14083160-0007373 212.131658 -0.127035 0.0251 48 1 8538 312
279519 DESIXJ14490575+3051364 222.273963 30.860106 0.1144 251 3 1869 886
279923 DESIXJ13115351+5138519 197.972938 51.647764 0.0296 44 13 7010 3852
284698 DESIXJ12511290+0451323 192.803752 4.858971 0.0251 340 2 -3077 158
285670 DESIXJ03185938+0113473 49.747407 1.229808 0.0376 36 8 7904 3326
285936 DESIXJ12064452+5827274 181.685483 58.457609 0.0651 98 0 21333 360
287858 DESIXJ13012504+0428101 195.354323 4.469461 0.0236 73 5 -2746 705
288447 DESIXJ13443127+0816153 206.130293 8.270908 0.0229 31 1 7897 496
289515 DESIXJ13570654+0558343 209.277248 5.976192 0.0827 158 1 5633 456
292495 DESIXJ08413949+0327213 130.414551 3.455925 0.0498 178 5 1628 569
298012 DESIXJ17044724+3427424 256.196827 34.461791 0.0336 61 2 592 501
298103 DESIXJ14580774+3755263 224.532230 37.923979 0.0301 83 4 -4603 641
298823 DESIXJ15125703+0210544 228.237641 2.181787 0.1001 51 2 40542 2129
300024 DESIXJ10212380-0111544 155.349150 -1.198448 0.0946 243 6 -4854 1055
300784 DESIXJ16373243+3305292 249.385108 33.091455 0.1007 145 8 9963 2296
301600 DESIXJ12362050+6108389 189.085427 61.144150 0.0568 111 1 3454 533
305319 DESIXJ16070148+4303343 241.756184 43.059528 0.0886 13 1 87803 4601
306395 DESIXJ02281357-0009091 37.056557 -0.152522 0.0593 86 6 8988 1640
308091 DESIXJ15561221+0745400 239.050884 7.761116 0.0723 50 3 34947 1647
312467 DESIXJ17474202+1816181 266.925088 18.271703 0.0195 31 1 8270 434
319327 DESIXJ23020989+1841561 345.541194 18.698924 0.0352 141 4 483 419
320043 DESIXJ10185707+0139361 154.737792 1.660017 0.0458 205 0 2548 214
323236 DESIXJ10452916-0122378 161.371508 -1.377174 0.0370 113 3 -2075 400
326708 DESIXJ17262751+3114222 261.614625 31.239498 0.0491 44 2 21033 1112
329978 DESIXJ10385731-0556562 159.738791 -5.948944 0.0426 113 1 2372 241
331109 DESIXJ18150713+3651458 273.779724 36.862713 0.0442 196 1 -3800 263
333663 DESIXJ10375430-0256253 159.476243 -2.940368 0.0377 20 2 24062 1783
336546 DESIXJ11022936-0339190 165.622340 -3.655273 0.0172 116 3 -819 201
338966 DESIXJ01201117+0221540 20.046529 2.364997 0.0071 14 1 1173 277
343358 DESIXJ11501689-0644584 177.570389 -6.749554 0.0845 164 2 3988 528
344618 DESIXJ17475008+3840419 266.958664 38.678297 0.0347 194 6 -6282 472
344723 DESIXJ02134681-0434547 33.445034 -4.581875 0.0707 115 1 8691 507
346928 DESIXJ11271545+0131564 171.814366 1.532333 0.0295 91 1 1723 244
348860 DESIXJ10411579-0141121 160.315796 -1.686699 0.0599 169 4 -5014 724
352540 DESIXJ08392577-0122113 129.857388 -1.369808 0.0479 83 1 9670 391
356000 DESIXJ10541593-0212371 163.566373 -2.210293 0.0528 183 4 -1667 483
359183 DESIXJ11152042-0149025 168.835099 -1.817364 0.0298 129 1 -2498 164
359486 DESIXJ13122651-0247320 198.110450 -2.792215 0.0133 19 6 6334 2227
361986 DESIXJ13483434+0842592 207.143071 8.716442 0.0672 92 4 18108 1264
363053 DESIXJ15235619+0515198 230.984126 5.255512 0.0429 42 5 17518 2356
367124 DESIXJ11271885-0103356 171.828549 -1.059877 0.0412 66 7 2590 1773
371421 DESIXJ07391292+2740260 114.803816 27.673896 0.1557 164 25 21512 8858
374237 DESIXJ14135354+4552138 213.473077 45.870504 0.0276 161 1 -3586 188
374686 DESIXJ12194018+5419283 184.917436 54.324530 0.0668 121 3 4292 735
375843 DESIXJ16544155+3114230 253.673144 31.239713 0.0369 77 2 4722 511
376416 DESIXJ12183869+4851147 184.661188 48.854079 0.0448 210 5 -5086 475
378733 DESIXJ13375028+0507203 204.459480 5.122303 0.1024 168 3 1219 797
381330 DESIXJ08512953+0505592 132.873048 5.099790 0.0602 78 3 8372 1001
385985 DESIXJ15045980-0159557 226.249182 -1.998816 0.0334 66 2 -1157 554
386049 DESIXJ10012529+0335387 150.355394 3.594085 0.0630 65 2 24529 821
387480 DESIXJ14584607+0258080 224.691971 2.968891 0.0055 65 3 -1350 126
387514 DESIXJ14310064-0201323 217.752650 -2.025647 0.0532 215 12 264 1188
390630 DESIXJ12551679+2557245 193.819940 25.956814 0.0316 63 2 1352 562
393618 DESIXJ15262706+3806582 231.612757 38.116164 0.0326 66 7 4946 1484
395730 DESIXJ03143425+0031569 48.642690 0.532479 0.0210 232 7 -10394 295
396019 DESIXJ10414972+0114129 160.457180 1.236913 0.0638 277 2 -10489 391
396246 DESIXJ15480684+3154037 237.028513 31.901030 0.0854 180 5 7759 961
399000 DESIXJ12391140+0043030 189.797485 0.717504 0.0170 138 6 525 299
399466 DESIXJ15184538+0641480 229.689093 6.696663 0.0479 345 5 -24858 387
401801 DESIXJ11023667-0539206 165.652801 -5.655734 0.0443 42 3 14718 1440
401894 DESIXJ12261181-0118155 186.549204 -1.304302 0.0067 11 2 3654 518
402410 DESIXJ14414440-0148250 220.434986 -1.806947 0.0061 67 15 -871 573
407388 DESIXJ18445191+6154009 281.216284 61.900240 0.0517 177 2 -2659 332
407412 DESIXJ11061026-0537073 166.542770 -5.618701 0.1007 282 8 -11834 1234
408277 DESIXJ09512906-0145240 147.871102 -1.756672 0.0193 33 11 4482 3276
413098 DESIXJ11485298+0103243 177.220738 1.056741 0.0472 34 3 32607 1968
413437 DESIXJ18163460+5049060 274.144160 50.818329 0.1015 168 10 11030 2373
416694 DESIXJ18151478+3448553 273.811564 34.815348 0.0997 401 2 -23159 723
420731 DESIXJ18191829+4743034 274.826189 47.717601 0.0377 154 4 -194 416
429053 DESIXJ16093738+0221403 242.405741 2.361186 0.0308 189 0 -1927 134
437666 DESIXJ09492989-0147494 147.374545 -1.797051 0.0475 116 1 4223 256
438094 DESIXJ10344791+6933302 158.699619 69.558400 0.0385 136 3 -66 422
440572 DESIXJ01191585+0212536 19.816029 2.214877 0.0444 189 1 1330 211
441064 DESIXJ02215378-0550182 35.474069 -5.838402 0.0495 173 5 2514 569
443698 DESIXJ11080773-0540595 167.032209 -5.683182 0.0611 106 3 11626 854
443831 DESIXJ11463732-0723568 176.655481 -7.399119 0.0463 43 4 11258 1983
446318 DESIXJ12421504+3830135 190.562654 38.503736 0.0012 18 3 -5 95
447837 DESIXJ11271443-0459027 171.810135 -4.984073 0.0578 191 1 1860 403
448273 DESIXJ10314000-0356154 157.916663 -3.937616 0.0304 134 0 -540 143
449368 DESIXJ16033176+3328048 240.882323 33.468005 0.0631 165 2 -27 504
450846 DESIXJ14520805+3951406 223.033531 39.861272 0.0617 249 2 -6171 416
451986 DESIXJ13122701+3313151 198.112553 33.220862 0.0229 14 5 9886 4600
452322 DESIXJ11264242+3450599 171.676745 34.849985 0.0419 101 12 -5173 1964
452636 DESIXJ11341721+0350296 173.571705 3.841548 0.0223 59 4 -1040 636
452937 DESIXJ08304096+0743524 127.670659 7.731226 0.0639 117 1 -591 398
453028 DESIXJ14312184+4315446 217.841004 43.262393 0.0968 214 2 3180 645
456882 DESIXJ04122961-0536201 63.123364 -5.605576 0.0545 107 3 -1757 702
459283 DESIXJ14593263-0157458 224.885960 -1.962723 0.0878 34 2 49597 2174
465369 DESIXJ14101452+1128211 212.560507 11.472538 0.0275 24 1 15574 666
465907 DESIXJ10550526+4904439 163.771908 49.078869 0.0230 55 2 3842 366
467123 DESIXJ17065325+3159446 256.721885 31.995716 0.0363 112 3 2772 390
467185 DESIXJ12391814-0226223 189.825594 -2.439532 0.0848 177 2 7053 530
467446 DESIXJ13155368+0642142 198.973676 6.703948 0.0534 190 5 -3564 608
468105 DESIXJ10151494+0417308 153.812266 4.291879 0.0142 22 5 5457 1574
470224 DESIXJ13560343+4548471 209.014295 45.813088 0.0636 154 2 6508 546
470382 DESIXJ13211487+0830215 200.311954 8.505967 0.0421 128 1 6880 265
470983 DESIXJ13383732+0534249 204.655505 5.573587 0.0722 72 1 22441 694
471682 DESIXJ14321575+0424421 218.065614 4.411704 0.0581 48 1 16114 926
472042 DESIXJ15103802+2239480 227.658420 22.663322 0.0410 61 3 6682 868
474776 DESIXJ14234590+0224400 215.941235 2.411117 0.0550 167 0 3867 265
476869 DESIXJ12313039+6545493 187.876641 65.763700 0.0311 102 5 1452 614
479436 DESIXJ11505833-0022047 177.743023 -0.367980 0.0426 181 3 -1568 315
480249 DESIXJ16265778+2707486 246.740742 27.130157 0.0776 184 4 259 693
483379 DESIXJ22344434+1258172 338.684741 12.971435 0.1277 213 2 8736 906
483617 DESIXJ15081665+2218123 227.069354 22.303410 0.0953 152 3 9378 893
486331 DESIXJ12121788+6049054 183.074514 60.818161 0.0431 52 2 8076 755
486965 DESIXJ15013809-0030350 225.408696 -0.509724 0.0364 96 1 3425 222
486990 DESIXJ02033626-0029288 30.901099 -0.491322 0.0336 50 5 3963 1417
487320 DESIXJ14062075+0442134 211.586466 4.703725 0.0250 119 2 -1854 200
494301 DESIXJ16510942+0740356 252.789246 7.676558 0.0488 192 0 -1515 209
497118 DESIXJ22270497+3046204 336.770713 30.772332 0.0453 102 1 5175 357
501743 DESIXJ09191234-0822592 139.801410 -8.383105 0.0543 185 1 -4002 306
503922 DESIXJ09593648-0019184 149.902011 -0.321767 0.0469 40 5 13247 2397
505841 DESIXJ00250473+1248442 6.269697 12.812283 0.1381 331 6 -11042 1244
506788 DESIXJ09102462-0130299 137.602583 -1.508293 0.0286 57 2 3314 479
506835 DESIXJ21392695-0312515 324.862280 -3.214292 0.0853 72 4 33998 2056
508684 DESIXJ18312356+5034394 277.848169 50.577607 0.0367 143 11 4337 1085
509368 DESIXJ16412360+0545278 250.348344 5.757727 0.0316 100 3 2594 487
510141 DESIXJ08324786-0012384 128.199402 -0.210662 0.0422 196 2 -5058 292
513888 DESIXJ17580143+4831593 269.505947 48.533128 0.0615 75 2 20276 832
514423 DESIXJ20554462+0146104 313.935913 1.769568 0.0479 129 5 1835 733
519242 DESIXJ09565619-0437191 149.234112 -4.621967 0.0869 115 2 16502 672
523916 DESIXJ10034936-0336579 150.955661 -3.616094 0.0620 80 5 14159 1571
524215 DESIXJ12244024+5810044 186.167663 58.167892 0.0437 223 2 -3364 367
524577 DESIXJ04214032-0332268 65.417984 -3.540780 0.0415 153 4 1549 486
526057 DESIXJ10215247-0529004 155.468626 -5.483447 0.0389 152 4 -2874 431
526626 DESIXJ14133996+0835308 213.416505 8.591878 0.0357 115 1 769 262
530182 DESIXJ15020351+0150287 225.514641 1.841308 0.0041 81 2 -750 53
535566 DESIXJ10010677+0005058 150.278202 0.084950 0.0868 101 4 22638 1542
539879 DESIXJ11222120+0836496 170.588347 8.613778 0.0283 176 5 -3513 360
542805 DESIXJ14460936+3847178 221.538979 38.788268 0.0282 87 1 2832 276
543711 DESIXJ16442309+2024467 251.096189 20.412965 0.0609 207 3 1947 461
546072 DESIXJ15311756+0701103 232.823159 7.019516 0.0342 53 8 10333 2140
546802 DESIXJ08484562+0017293 132.190098 0.291470 0.0530 57 2 27173 991
547971 DESIXJ14051055-0143068 211.293943 -1.718565 0.0542 100 1 8652 342
548489 DESIXJ15365650+3120547 234.235404 31.348524 0.0886 174 4 -1962 921
548576 DESIXJ12492300-0228322 192.345845 -2.475623 0.1569 278 13 683 2838
550493 DESIXJ03521985-0550447 58.082717 -5.845745 0.0334 84 8 3195 1331
554790 DESIXJ11542367+0240154 178.598633 2.670941 0.0772 137 4 -2922 1079
556104 DESIXJ13170340-0155054 199.264152 -1.918179 0.0476 73 3 7490 779
557445 DESIXJ14485708-0205333 222.237846 -2.092588 0.0345 182 8 3663 708
559795 DESIXJ11570707-0220362 179.279478 -2.343381 0.0260 155 3 -4652 268
560667 DESIXJ12280928+6306178 187.038661 63.104934 0.1442 272 5 -4613 1309
561366 DESIXJ07451087+2911535 116.295307 29.198198 0.0268 32 1 5608 406
561501 DESIXJ13011541-0115181 195.314212 -1.255039 0.0836 175 3 2276 827
562601 DESIXJ12425427+5123334 190.726107 51.392609 0.0435 87 2 -2581 585
563074 DESIXJ13320675+0031023 203.028119 0.517319 0.0474 128 1 358 277
564445 DESIXJ13514382-0221133 207.932574 -2.353696 0.0746 202 3 1228 574
567724 DESIXJ11432869+0323192 175.869543 3.388676 0.0252 170 4 -1094 272
571914 DESIXJ16063494+2622136 241.645603 26.370450 0.0333 160 0 -1694 162
572145 DESIXJ12322026+6246005 188.084428 62.766802 0.0614 51 0 19756 546
573536 DESIXJ15251937+3334597 231.330703 33.583260 0.0644 183 1 -192 712
575248 DESIXJ13283256-0056004 202.135656 -0.933438 0.0549 118 2 2750 531
575631 DESIXJ12233745+0040303 185.906037 0.675095 0.1124 278 7 -8143 1282
576526 DESIXJ15510435+0943572 237.768126 9.732549 0.0408 181 3 -530 352
577283 DESIXJ11025776-0057436 165.740652 -0.962123 0.0335 81 2 7259 384
577900 DESIXJ14150429+0613246 213.767895 6.223490 0.0242 20 3 12870 1489
578188 DESIXJ15460751+2943589 236.531310 29.733026 0.0316 102 5 -1820 628
581364 DESIXJ21163060+0018198 319.127484 0.305508 0.0352 155 3 638 323
584208 DESIXJ09283132+7356509 142.130506 73.947483 0.0623 179 2 -918 419
585025 DESIXJ09545718-0358149 148.738230 -3.970807 0.0569 170 1 -98 332
595015 DESIXJ08265371+0001364 126.723783 0.026785 0.0552 244 1 4658 275
596356 DESIXJ11021499-0158508 165.562468 -1.980780 0.0184 122 12 -3488 746
597134 DESIXJ10041970-0442031 151.082081 -4.700857 0.0337 142 0 -1354 158
598903 DESIXJ09392948-0310152 144.872838 -3.170879 0.0568 108 4 15798 968
606187 DESIXJ09494754-0250455 147.448063 -2.845977 0.1287 263 8 5300 1622
617156 DESIXJ10145237-0335355 153.718189 -3.593182 0.0757 154 1 1185 523
620625 DESIXJ06585924+6711442 104.746829 67.195618 0.0742 107 2 18233 827
630728 DESIXJ20435100-0618430 310.962509 -6.311932 0.0513 100 1 9336 306
630732 DESIXJ16054512+3033539 241.437998 30.564960 0.0569 73 6 13407 1849
632563 DESIXJ08285671+1532153 127.236292 15.537578 0.0551 128 6 -2956 1027
633175 DESIXJ15052115-0202034 226.338145 -2.034284 0.0338 50 0 15590 250
634044 DESIXJ21314486+1019252 322.936916 10.323670 0.0972 144 5 7148 1466
635124 DESIXJ16481739+3550281 252.072473 35.841126 0.0316 134 1 1959 225
635410 DESIXJ15222086-0134133 230.586920 -1.570352 0.0334 66 2 6221 550
636501 DESIXJ16045620+3031328 241.234186 30.525787 0.0554 185 3 1854 465
638518 DESIXJ12013358-0252292 180.389917 -2.874771 0.0822 169 0 6344 482
640049 DESIXJ13331841-0156243 203.326725 -1.940076 0.0904 329 3 -12860 632
640815 DESIXJ12421785+0328076 190.574394 3.468786 0.0024 84 26 -1374 345
641505 DESIXJ08121341+2616027 123.055874 26.267411 0.0246 184 4 -2857 261
643233 DESIXJ09505343+3626433 147.722629 36.445362 0.0229 57 0 5130 185
643460 DESIXJ14460564+3538551 221.523505 35.648649 0.0647 101 7 2189 1894
645364 DESIXJ10081426+0504481 152.059402 5.080016 0.0530 30 10 32659 8520
649753 DESIXJ12335057+6219358 188.460700 62.326609 0.0756 158 1 5846 373
649960 DESIXJ12015087-0039195 180.461947 -0.655405 0.0196 62 7 13 943
650220 DESIXJ11235929+5752478 170.997023 57.879944 0.0523 104 4 3847 955
652685 DESIXJ02030038-0015056 30.751579 -0.251558 0.0429 108 1 4537 344
653395 DESIXJ14111817+0125597 212.825717 1.433239 0.0255 27 2 8420 997
659599 DESIXJ12432550+6151213 190.856235 61.855913 0.1060 125 4 9323 1639
661545 DESIXJ03250416-0023250 51.267354 -0.390274 0.0407 180 3 -5622 396
673799 DESIXJ17164960+3906001 259.206646 39.100014 0.0862 102 2 30024 983
679088 DESIXJ14234048+3625217 215.918664 36.422699 0.0283 60 1 5223 330
680361 DESIXJ10440863-0232419 161.035974 -2.544970 0.0368 18 1 29665 1200
680479 DESIXJ08153839+0515231 123.909969 5.256429 0.0140 37 15 1159 2797
681873 DESIXJ11533320-0556472 178.388321 -5.946437 0.0753 97 1 25452 609
682528 DESIXJ01233116+0808422 20.879825 8.145067 0.0491 158 5 738 658
688136 DESIXJ16291757+2451296 247.323202 24.858219 0.0409 136 1 5838 261
689553 DESIXJ02152260-0308260 33.844168 -3.140545 0.0419 147 11 1684 1252
693621 DESIXJ00035747+0752474 0.989479 7.879825 0.0678 188 10 15249 1377
695280 DESIXJ10121102-0335533 153.045902 -3.598148 0.0584 192 3 -1746 444
695846 DESIXJ11442986-0423276 176.124403 -4.391006 0.1052 270 7 149 1242
697209 DESIXJ08544334-0526595 133.680585 -5.449872 0.0750 181 2 -3486 442
698690 DESIXJ11500160-0643334 177.506665 -6.725941 0.0860 275 1 -8407 564
699129 DESIXJ14265114-0323408 216.713073 -3.394654 0.0304 21 4 14568 2761
700756 DESIXJ13333534+0105238 203.397253 1.089944 0.0781 142 1 13351 506
701359 DESIXJ10391923-0351140 159.830123 -3.853902 0.0651 75 1 20399 457
703805 DESIXJ08423081+0208046 130.628378 2.134620 0.0743 109 4 15592 1084
704336 DESIXJ09451079-0501346 146.294946 -5.026285 0.0588 20 4 41055 5213
706736 DESIXJ10343623-0738234 158.650957 -7.639844 0.0340 144 4 -5231 412
707067 DESIXJ10392526+0143055 159.855252 1.718208 0.0024 51 3 -677 61
707336 DESIXJ11002075-0500281 165.086456 -5.007806 0.0681 22 5 60826 7248
710429 DESIXJ13331097-0406155 203.295689 -4.104316 0.0613 50 1 25547 591
716778 DESIXJ04104018-1528165 62.667416 -15.471256 0.0875 214 5 201 1021
719041 DESIXJ17461177+3417008 266.549061 34.283542 0.0889 340 5 -5862 767
720664 DESIXJ12271007+6059599 186.791951 60.999963 0.0628 63 3 18079 1282
722111 DESIXJ12564647+0747473 194.193606 7.796479 0.0502 216 2 -997 318
723476 DESIXJ09470509+0543344 146.771225 5.726216 0.0463 91 12 -804 2536
728498 DESIXJ14181779+0658177 214.574143 6.971583 0.0286 81 1 1348 198
729036 DESIXJ11394729+0508064 174.947054 5.135121 0.0983 228 1 -1690 522
732222 DESIXJ11453382+3434082 176.390900 34.568937 0.0333 282 4 -4825 268
732520 DESIXJ15204138+0119478 230.172408 1.329932 0.0900 339 3 -9315 730
732983 DESIXJ10465829+0010334 161.742879 0.175939 0.0492 141 4 -2288 565
733643 DESIXJ07580037+2708418 119.501536 27.144952 0.0959 179 6 704 1289
733838 DESIXJ15260502+0810022 231.520911 8.167265 0.0641 214 10 -1112 1230
734434 DESIXJ22020945+0102401 330.539361 1.044472 0.0630 190 3 680 538
734448 DESIXJ11300010+0408196 172.500427 4.138785 0.0681 105 2 4877 792
734827 DESIXJ08211010+1241595 125.292097 12.699860 0.0557 211 2 -6548 340
735665 DESIXJ13210628+0216584 200.276153 2.282881 0.0398 114 0 5442 193
736378 DESIXJ13090674-0118270 197.278100 -1.307496 0.0243 61 1 343 314
736576 DESIXJ03210237+0113289 50.259856 1.224697 0.0226 219 8 -13607 354
738935 DESIXJ16032303+3241061 240.845947 32.685018 0.1147 218 15 4746 2956
740630 DESIXJ13385434-0146404 204.726427 -1.777876 0.0223 68 2 2475 368
741864 DESIXJ10322222+4912060 158.092579 49.201680 0.1023 210 7 4434 1393
742925 DESIXJ13142883+3341092 198.620121 33.685887 0.0374 188 7 -4500 592
743680 DESIXJ12393397-0051132 189.891523 -0.853669 0.0240 97 6 -431 628
743894 DESIXJ10354947-0014203 158.956135 -0.238973 0.0280 225 3 -8573 212
747490 DESIXJ15052625+0528362 226.359370 5.476714 0.0851 178 1 1912 513
751654 DESIXJ11022250-0048520 165.593756 -0.814450 0.0337 43 2 4787 785
752300 DESIXJ14052459+3151427 211.352453 31.861875 0.0873 158 8 4366 1809
752373 DESIXJ09481608+0706470 147.066992 7.113062 0.0865 221 4 -5425 682
753713 DESIXJ13274567+4647437 201.940299 46.795460 0.0598 130 5 4140 964
754200 DESIXJ12144873-0320257 183.703026 -3.340475 0.0744 107 1 17550 456
755177 DESIXJ15003932+0101516 225.163842 1.030998 0.0709 295 1 -6037 373
755496 DESIXJ09091150+0050075 137.297930 0.835421 0.0394 202 3 -1458 288
760759 DESIXJ12484508+6129454 192.187816 61.495941 0.0540 29 5 23679 4081
766100 DESIXJ12435350-0812143 190.972900 -8.203971 0.0491 108 2 6298 581
767731 DESIXJ20584171+0718172 314.673774 7.304783 0.0700 148 3 6744 624
769266 DESIXJ17091881+2749019 257.328383 27.817201 0.0633 28 2 40381 2346
769898 DESIXJ11551550-0457426 178.814586 -4.961838 0.0480 36 1 25249 890
773021 DESIXJ13461543-0627579 206.564308 -6.466091 0.0950 259 4 693 743
777719 DESIXJ10195434-0533194 154.976396 -5.555386 0.0474 129 2 191 348
778111 DESIXJ17132825+1753402 258.367701 17.894493 0.0345 171 3 -1066 291
778757 DESIXJ10573303-0838494 164.387626 -8.647046 0.0673 103 1 14802 686
781547 DESIXJ02163987-0447473 34.166130 -4.796470 0.0695 142 4 7945 916
783408 DESIXJ11210606-0428353 170.275247 -4.476476 0.0653 197 3 -5688 583
787672 DESIXJ15451439+0046197 236.309953 0.772152 0.0128 71 10 1157 704
794745 DESIXJ07072507+4426156 106.854456 44.437669 0.0518 232 19 959 1625
799236 DESIXJ12192401-0038174 184.850042 -0.638164 0.0212 27 22 8014 6940
800720 DESIXJ10334009-0343365 158.417028 -3.726818 0.0375 52 1 9226 352
806226 DESIXJ11020150-0649297 165.506251 -6.824906 0.0310 39 5 8806 1715
807243 DESIXJ04520427-0256257 73.017786 -2.940478 0.0140 43 3 3488 474
809697 DESIXJ13085432+3620385 197.226321 36.344021 0.0388 92 3 2247 550
814907 DESIXJ15290268+3307080 232.261186 33.118900 0.0837 220 0 -4570 449
815517 DESIXJ10310704+4800533 157.779323 48.014803 0.0586 284 2 -6033 408
816887 DESIXJ09301434+3942155 142.559746 39.704307 0.0435 101 1 2792 383
820696 DESIXJ14594592+3258568 224.941335 32.982445 0.1298 191 3 5632 973
823174 DESIXJ13102756+0141358 197.614834 1.693276 0.0374 107 3 -5929 447
823885 DESIXJ07324068+4211415 113.169520 42.194852 0.0414 129 3 -2005 513
823898 DESIXJ11444944+3348315 176.205991 33.808737 0.0313 197 3 -2993 277
823975 DESIXJ08280347+0628025 127.014450 6.467350 0.0643 122 2 -1251 478
824679 DESIXJ10332397+0302213 158.349892 3.039262 0.0684 188 2 -826 405
825186 DESIXJ14484278+3151099 222.178255 31.852755 0.0874 71 1 33205 663
826154 DESIXJ07333457+2929304 113.394040 29.491781 0.0854 391 5 -18241 647
826371 DESIXJ12395802+6438163 189.991743 64.637865 0.1008 88 2 35484 1302
830602 DESIXJ10252591+0532038 156.357944 5.534389 0.0429 130 3 378 494
833482 DESIXJ13033264+3339215 195.886016 33.655974 0.0492 191 7 -3836 802
833914 DESIXJ15375358+2952008 234.473257 29.866896 0.0617 133 3 303 605
834112 DESIXJ23134736-0008093 348.447315 -0.135927 0.0282 93 2 1581 313
834900 DESIXJ09174530+0103193 139.438747 1.055370 0.0272 25 1 13703 556
835205 DESIXJ11115229+5639387 167.967880 56.660739 0.0473 77 0 8781 386
835998 DESIXJ14381293+0714584 219.553883 7.249563 0.0294 76 2 3860 313
836407 DESIXJ11103810+0053274 167.658759 0.890957 0.0251 117 3 -2010 310
837796 DESIXJ16140399+3108026 243.516605 31.134058 0.0226 21 1 13097 703
838939 DESIXJ10214890+0307322 155.453754 3.125623 0.0624 254 2 -5224 368
839146 DESIXJ16183276+3529103 244.636510 35.486206 0.0346 99 3 8984 510
842692 DESIXJ12260766+5335029 186.531929 53.584128 0.0605 178 3 944 582
847192 DESIXJ10205486+0325562 155.228576 3.432280 0.0942 245 2 -5226 550
848249 DESIXJ09024559+0324425 135.689956 3.411811 0.0270 96 3 1131 400
851623 DESIXJ23245973+0759528 351.248867 7.997989 0.0376 111 3 2051 411
857872 DESIXJ15060334+0211057 226.513924 2.184909 0.0055 104 8 -2276 180
859471 DESIXJ11380513-0847070 174.521395 -8.785265 0.0228 83 6 -2621 726
860861 DESIXJ09181911-0737419 139.579609 -7.628308 0.0536 139 1 7001 263
861377 DESIXJ10061441-0629447 151.560034 -6.495753 0.0556 89 2 7000 798
861924 DESIXJ07444804+6933552 116.200153 69.565333 0.0130 25 4 3530 869
869010 DESIXJ12443225-0512227 191.134381 -5.206312 0.0233 31 2 5588 647
869982 DESIXJ14225236+4037213 215.718161 40.622591 0.0179 26 8 4763 2594
874194 DESIXJ22410856+2939075 340.285661 29.652092 0.0686 313 5 -3400 658
874425 DESIXJ11444680-0540402 176.195017 -5.677826 0.0925 178 9 4291 1861
876764 DESIXJ03414481-0210395 55.436716 -2.177628 0.0355 35 1 20158 570
876861 DESIXJ07385813+5205320 114.742213 52.092235 0.0405 185 0 -3168 218
883945 DESIXJ23294952-0611538 352.456337 -6.198274 0.0325 34 2 8876 917
884582 DESIXJ08412695-0106334 130.362287 -1.109286 0.0485 131 1 715 295
903096 DESIXJ10542165+0211361 163.590227 2.193354 0.0262 23 8 8423 4876
904539 DESIXJ15451543+2942142 236.314301 29.703949 0.0311 140 2 -1801 212
905136 DESIXJ10324588+0009100 158.191155 0.152769 0.0655 202 3 -8417 545
906206 DESIXJ13031252+0800201 195.802165 8.005576 0.0589 29 4 34766 3167
909454 DESIXJ14180658+3714009 214.527437 37.233572 0.0681 229 6 -2234 792
910944 DESIXJ09141130+0049055 138.547088 0.818188 0.0551 208 1 -3291 290
915866 DESIXJ15280061+0749041 232.002540 7.817812 0.0766 73 1 22758 808
919302 DESIXJ16092416+3300007 242.350653 33.000200 0.0529 202 2 4628 347
920075 DESIXJ11494627+0031586 177.442799 0.532944 0.0770 83 2 14441 941
920923 DESIXJ11404307+5516004 175.179472 55.266783 0.0641 65 2 10957 995
924471 DESIXJ15014908+0003233 225.454514 0.056476 0.0406 38 2 15715 1064
925202 DESIXJ09053785+0000118 136.407719 0.003267 0.0187 43 9 2175 1659
925413 DESIXJ12423007+6319290 190.625276 63.324727 0.0924 116 2 11702 965
925811 DESIXJ11381741+0036485 174.572547 0.613476 0.0032 41 21 -1194 826
926284 DESIXJ10181785+0320555 154.574367 3.348757 0.0329 178 0 -1518 132
928876 DESIXJ12101542+0016096 182.564266 0.269332 0.1003 169 5 9702 1294
929027 DESIXJ15390888+3224254 234.786986 32.407069 0.0315 258 2 -6861 211
929420 DESIXJ10484799+0210402 162.199965 2.177847 0.0403 70 4 9098 1069
930997 DESIXJ15023815+3108048 225.658938 31.134674 0.0793 206 2 -1999 501
931927 DESIXJ15483718-0014381 237.154909 -0.243922 0.0548 39 1 25293 1018
932529 DESIXJ15385818+3549171 234.742422 35.821407 0.0766 24 4 50641 5346
933819 DESIXJ12240777+0135369 186.032372 1.593583 0.0762 217 1 -1792 386
933910 DESIXJ12142480+6346137 183.603332 63.770482 0.0097 66 3 -864 215
934023 DESIXJ11111252+0304345 167.802172 3.076246 0.0315 164 4 -483 341
937988 DESIXJ09464744+4226199 146.697685 42.438852 0.0754 265 3 -9026 545
944453 DESIXJ11094415-0338390 167.433969 -3.644163 0.0392 96 2 2935 367
945976 DESIXJ01564430+0217359 29.184594 2.293314 0.1063 213 2 7520 652
947495 DESIXJ14274547-0036099 216.939471 -0.602746 0.0237 117 4 1021 341
948471 DESIXJ10491721-0257432 162.321715 -2.962008 0.0601 139 0 3305 289
953496 DESIXJ16573284+2525509 254.386843 25.430809 0.0511 61 4 12240 1404
959668 DESIXJ09202662-0101071 140.110914 -1.018650 0.0288 207 0 -3698 158
961235 DESIXJ10551418-0710150 163.809096 -7.170821 0.0611 115 3 2066 721
961547 DESIXJ15245761+4015006 231.240046 40.250154 0.0320 68 6 -88 1086
962721 DESIXJ13584620-0401422 209.692520 -4.028394 0.0873 239 5 3793 779
964338 DESIXJ17344401+4245006 263.683391 42.750153 0.0359 23 2 21216 1673
973574 DESIXJ10223002-0431273 155.625072 -4.524249 0.0393 116 5 -1765 671
982209 DESIXJ10193573-0302324 154.898872 -3.042329 0.0620 128 6 3082 1224
986596 DESIXJ01213708-0131385 20.404500 -1.527363 0.0635 267 4 -5155 479
987557 DESIXJ10580155-0530028 164.506470 -5.500788 0.0507 96 5 6102 1097
989410 DESIXJ10502060+0225108 162.585851 2.419661 0.0724 183 1 -7447 409
989966 DESIXJ15062892+0344204 226.620502 3.739013 0.0911 220 3 -3298 652
990990 DESIXJ14373530+3755377 219.397087 37.927129 0.0319 75 1 7967 322
996842 DESIXJ13231892+0241469 200.828844 2.696349 0.0791 208 12 -302 1790
997706 DESIXJ16113275+3347381 242.886451 33.793911 0.0514 79 3 16995 864
999074 DESIXJ02415673-0101499 40.486370 -1.030540 0.0440 102 7 1793 1132
999622 DESIXJ15323179+0540069 233.132461 5.668571 0.0330 103 4 1743 536
1001156 DESIXJ11423572-0132392 175.648846 -1.544223 0.0734 121 4 9207 970
1003319 DESIXJ14044418+0529466 211.184101 5.496273 0.0540 136 6 2266 946
1003419 DESIXJ09032231+0319206 135.842958 3.322392 0.0262 22 2 10616 1195
1004070 DESIXJ13360792+0330341 204.033016 3.509486 0.0236 82 0 2967 150
1006041 DESIXJ13132881+0413316 198.370048 4.225434 0.0982 121 1 22716 864
1007510 DESIXJ16065008+1147290 241.708655 11.791384 0.0690 279 1 -4894 372
1008194 DESIXJ13223569-0258345 200.648711 -2.976237 0.0914 211 7 3592 1231
1010879 DESIXJ10072403+0033012 151.850135 0.550343 0.0976 224 6 -630 1165
1012505 DESIXJ11250495+5012539 171.270626 50.214983 0.0265 66 1 1405 304
1014918 DESIXJ13095917+5053422 197.496526 50.895044 0.0638 169 1 1602 426
1018780 DESIXJ12030101-0017287 180.754195 -0.291299 0.0404 179 0 -930 179
1018877 DESIXJ16191929+3432281 244.830356 34.541138 0.0332 103 2 7761 312
1020959 DESIXJ11465281+6543278 176.720040 65.724379 0.0453 194 6 -468 612
1028061 DESIXJ12422984+6440232 190.624322 64.673119 0.0750 58 5 18458 2641
1035927 DESIXJ14074831-0548001 211.951294 -5.800037 0.0674 78 3 15975 1015
1044026 DESIXJ19010235+6424591 285.259792 64.416408 0.0616 202 6 -4905 777
1048737 DESIXJ07232696+3218433 110.862352 32.312018 0.0262 109 1 -251 181
1051371 DESIXJ09065689+0310513 136.737029 3.180928 0.0268 113 1 3037 176
1053663 DESIXJ09371653-0151365 144.318860 -1.860128 0.0578 215 0 -2745 276
1053964 DESIXJ09415215-0553295 145.467298 -5.891520 0.0587 97 2 11543 587
1057085 DESIXJ11210228-0126302 170.259489 -1.441711 0.0243 166 2 -3446 161
1057508 DESIXJ10262745+6035344 156.614384 60.592892 0.0312 114 25 43 2783
1078557 DESIXJ10204146+0446372 155.172733 4.776999 0.0574 174 1 -1667 443
1081099 DESIXJ00465530-0022174 11.730435 -0.371488 0.0674 168 9 2948 1487
1084110 DESIXJ15591400+3125559 239.808345 31.432197 0.0814 219 3 2812 601
1086712 DESIXJ12171911+0221383 184.329639 2.360637 0.0756 96 17 14512 5230
1088746 DESIXJ15161494+3518045 229.062234 35.301243 0.0663 240 2 -2442 510
1091638 DESIXJ16550524+1711379 253.771826 17.193858 0.0360 111 2 1284 319
1091986 DESIXJ10205358-0049031 155.223241 -0.817541 0.0344 27 7 9824 3671
1093318 DESIXJ09353508+5503106 143.896179 55.052958 0.0584 104 10 -2877 2210
1093661 DESIXJ14523191-0120423 223.132953 -1.345091 0.0430 106 1 5799 304
1093980 DESIXJ16041456+1112131 241.060666 11.203650 0.0428 209 1 -3535 227
1094046 DESIXJ11221311+0329257 170.554639 3.490482 0.0338 118 1 688 220
1097762 DESIXJ11301194+0149384 172.549744 1.827324 0.0500 224 2 -531 346
1100875 DESIXJ14124955+0348459 213.206448 3.812752 0.0253 25 7 6085 3107
1101408 DESIXJ15442183+0501511 236.090971 5.030872 0.0897 281 4 -6377 731
1101446 DESIXJ14595873+0501030 224.994688 5.017509 0.0799 403 3 -12922 535
1101759 DESIXJ01214201-0044299 20.425054 -0.741626 0.0537 154 3 -651 506
1104792 DESIXJ15441224+4137487 236.051000 41.630194 0.0227 112 9 -4127 733
1106401 DESIXJ07571803+2707510 119.325117 27.130831 0.0642 136 12 -1512 2295
1108036 DESIXJ15352017-0036173 233.834039 -0.604806 0.0660 135 1 6507 414
1108372 DESIXJ22500099+0030353 342.504113 0.509819 0.0631 121 4 10065 885
1109233 DESIXJ02404388+0031372 40.182849 0.527005 0.0466 149 7 2060 879
1109610 DESIXJ13011371+5806440 195.307106 58.112222 0.0280 32 1 15051 415
1114028 DESIXJ11112111+0024343 167.837977 0.409527 0.0643 140 2 3998 446
1118161 DESIXJ12281725-0106569 187.071873 -1.115794 0.0326 38 1 7098 566
1126043 DESIXJ11531764-0306164 178.323498 -3.104549 0.0526 151 21 -12440 2803
1126259 DESIXJ22442582+2919070 341.107569 29.318611 0.0441 207 4 -2852 397
1128306 DESIXJ08331903-0134110 128.329282 -1.569731 0.0746 54 1 37025 680
1131323 DESIXJ09534712-0252163 148.446343 -2.871196 0.1381 230 8 11055 1915
1131477 DESIXJ17574738+6334561 269.447432 63.582242 0.0891 403 1 -19786 710
1131845 DESIXJ11282716-0828355 172.113179 -8.476535 0.0497 117 6 6089 1026
1147440 DESIXJ01092018+1733293 17.334081 17.558133 0.0748 210 3 6557 517
1148269 DESIXJ11343395-0516185 173.641451 -5.271808 0.0772 199 6 4208 954
1148584 DESIXJ12571872+2528390 194.327987 25.477513 0.0772 136 2 11516 631
1149804 DESIXJ11550101+7254475 178.754189 72.913205 0.0408 134 4 -1923 569
1156527 DESIXJ08384894-0237508 129.703914 -2.630792 0.0450 125 0 5039 213
1161372 DESIXJ08233507+0313144 125.896114 3.220659 0.0098 36 4 957 483
1164233 DESIXJ11345315-0824536 173.721469 -8.414881 0.0285 179 2 -4378 235
1166153 DESIXJ10284677-0150432 157.194888 -1.845335 0.0329 34 1 12405 661
1169171 DESIXJ12184948-0114131 184.706186 -1.236977 0.0698 158 7 8284 1218
1171457 DESIXJ15442592+0504372 236.107985 5.077012 0.0391 134 3 -2088 403
1173931 DESIXJ22251657+1021191 336.319031 10.355302 0.1061 173 10 12102 2358
1177536 DESIXJ14450022+0124306 221.250913 1.408506 0.0338 213 1 -4708 177
1177650 DESIXJ15553520+0627487 238.896658 6.463535 0.0514 162 4 2947 513
1179655 DESIXJ10342493+0225130 158.603896 2.420265 0.1271 91 5 38666 2642
1180819 DESIXJ11400731-0251362 175.030459 -2.860057 0.1224 141 2 24685 911
1180856 DESIXJ13343246-0316193 203.635268 -3.272029 0.0224 27 7 9761 2604
1181119 DESIXJ21300688+0052501 322.528680 0.880575 0.0308 10 6 21775 8392
1182800 DESIXJ20552737+0020480 313.864052 0.346655 0.0233 60 18 108 3356
1183726 DESIXJ11221905+0035053 170.579364 0.584793 0.1049 195 1 6012 569
1185038 DESIXJ11455897+0135178 176.495698 1.588277 0.0750 249 4 -377 786
1187524 DESIXJ12541640-0202043 193.568351 -2.034537 0.0165 33 0 5193 204
1187567 DESIXJ14054288+0930442 211.428660 9.512274 0.0547 658 6 -22904 480
1188094 DESIXJ13451282+4748443 206.303411 47.812298 0.0794 216 2 -2246 568
1188646 DESIXJ07471087+3226048 116.795312 32.434668 0.0590 124 6 505 1258
1191487 DESIXJ17070826+3512014 256.784411 35.200377 0.0366 12 4 25604 6397
1191750 DESIXJ13431228+0317562 205.801179 3.298957 0.0712 142 2 4098 571
1192323 DESIXJ16045433+1207392 241.226357 12.127562 0.0401 472 5 -21717 317
1194131 DESIXJ14580837+4808072 224.534888 48.135320 0.0495 236 5 -6838 561
1194410 DESIXJ09105125+0201187 137.713558 2.021872 0.0545 177 3 -5017 435
1195112 DESIXJ11554057+6339027 178.919042 63.650756 0.1103 94 2 19673 1334
1195722 DESIXJ15374771+2925241 234.448801 29.423351 0.0821 90 5 12108 2043
1198517 DESIXJ08244424+0745306 126.184343 7.758492 0.0834 66 6 37910 3082
1201319 DESIXJ14224397-0101433 215.683209 -1.028708 0.0388 98 1 119 338
1202542 DESIXJ12200320+3301431 185.013314 33.028630 0.0247 70 0 2914 185
1206329 DESIXJ12111070+5728190 182.794568 57.471934 0.0473 334 6 -5289 446
1207756 DESIXJ12552955-0244163 193.873122 -2.737862 0.0722 284 3 -6711 653
1215442 DESIXJ08575125-0106490 134.463539 -1.113622 0.0597 170 6 2768 889
1217875 DESIXJ10482522-0321183 162.105074 -3.355091 0.0705 219 1 1405 357
1218700 DESIXJ18221318+4905436 275.554924 49.095457 0.0540 201 4 -73 551
1226215 DESIXJ14484803-0342573 222.200118 -3.715906 0.0031 61 7 -787 143
1229756 DESIXJ22310432+2304368 337.767993 23.076880 0.0851 259 9 -11744 1234
1230572 DESIXJ21263466+0544164 321.644406 5.737886 0.0463 190 6 -5628 633
1234118 DESIXJ18104367+3700094 272.681961 37.002611 0.0983 222 3 18376 2376
1237817 DESIXJ10530382+0437542 163.265905 4.631719 0.0193 66 8 5347 910
1239455 DESIXJ17402655+3429335 265.110638 34.492649 0.0435 85 0 11416 309
1248293 DESIXJ09415046-0719488 145.460264 -7.330222 0.0062 106 4 -2161 94
1248425 DESIXJ07255049+3637251 111.460395 36.623644 0.0146 74 5 -710 438
1253239 DESIXJ11315132-0702436 172.963838 -7.045450 0.0817 164 2 6399 635
1258442 DESIXJ15015363+1357181 225.473440 13.955019 0.0348 115 4 -2042 512
1259085 DESIXJ11404415+3653312 175.183938 36.891993 0.1063 193 9 7345 1945
1259817 DESIXJ13120197+0035328 198.008192 0.592453 0.0191 45 4 824 730
1262107 DESIXJ13082924+5529403 197.121813 55.494535 0.0648 143 3 -1902 783
1262620 DESIXJ14541653+1937230 223.568861 19.623044 0.0395 53 6 8680 1820
1264973 DESIXJ14074766+5322136 211.948575 53.370452 0.0832 290 3 -3625 607
1265811 DESIXJ11500926+5322123 177.538593 53.370084 0.0523 157 1 5017 336
1268948 DESIXJ10341908+0324234 158.579489 3.406495 0.0738 159 1 4464 340
1269556 DESIXJ13203462+0437086 200.144259 4.619056 0.0642 126 3 8752 707
1269681 DESIXJ09262297-0043039 141.595717 -0.717753 0.0186 32 2 4299 544
1269937 DESIXJ14485904+0218526 222.245995 2.314621 0.0339 32 5 9335 2175
1270585 DESIXJ13292133-0037574 202.338858 -0.632598 0.0367 72 2 2946 554
1271018 DESIXJ14245516+3147250 216.229838 31.790265 0.0640 171 3 3727 517
1276963 DESIXJ11355743-0016236 173.989274 -0.273216 0.0653 373 0 -12957 377
1277460 DESIXJ14271037+0445267 216.793209 4.757428 0.0270 101 1 -416 214
1279860 DESIXJ13071283+0209311 196.803469 2.158650 0.0815 71 2 22965 1034
1284501 DESIXJ10194936-0101214 154.955673 -1.022618 0.0435 135 0 3931 243
1284553 DESIXJ22333373+1358406 338.390558 13.977953 0.0668 101 12 4585 3044
1285305 DESIXJ11485676-0231540 177.236496 -2.531658 0.0598 80 6 13109 1744
1287007 DESIXJ07380015+3114574 114.500643 31.249280 0.0192 672 41 -15219 471
1288271 DESIXJ15372431+0033144 234.351277 0.554011 0.0494 97 3 6612 767
1290876 DESIXJ12441171+0336243 191.048786 3.606741 0.0028 194 26 -2263 147
1293039 DESIXJ13234073+0121426 200.919691 1.361835 0.0568 230 5 569 603
1295220 DESIXJ14042971+0708325 211.123806 7.142353 0.0629 230 5 -3969 668
1295412 DESIXJ21221216+0014330 320.550646 0.242507 0.0870 133 4 10627 1102
1296737 DESIXJ08042114+3546533 121.088087 35.781465 0.0304 94 1 2121 254
1298051 DESIXJ21460786+0103462 326.532768 1.062830 0.0147 37 2 3245 369
1298232 DESIXJ09313832-0628013 142.909660 -6.467035 0.0609 246 1 -2458 362
1299287 DESIXJ18132973+3319518 273.373880 33.331048 0.0450 155 2 2757 321
1315997 DESIXJ11252461-0442063 171.352554 -4.701753 0.0346 43 5 9240 1791
1316980 DESIXJ14043779+0006320 211.157440 0.108884 0.0244 75 11 -1703 1485
1320681 DESIXJ19164192+6358170 289.174659 63.971400 -0.0005 38 13 0 0
1320824 DESIXJ14223829-0619352 215.659527 -6.326447 0.0567 380 1 -11581 379
1326253 DESIXJ02292117-0635567 37.338196 -6.599075 0.0476 164 1 1670 298
1326902 DESIXJ04143137-0410374 63.630693 -4.177051 0.0309 217 5 -7919 356
1327859 DESIXJ02275078-0624131 36.961572 -6.403626 0.0480 24 4 27593 3041
1330217 DESIXJ11080798-0253396 167.033255 -2.894338 0.0333 138 3 -3413 309
1332447 DESIXJ23223329+0934467 350.638703 9.579636 0.0273 104 1 1613 221
1333185 DESIXJ18194779+4756423 274.949125 47.945093 0.0251 64 4 5892 730
1334780 DESIXJ17082681+1003513 257.111705 10.064237 0.0512 189 2 2890 336
1336746 DESIXJ04230975-0231143 65.790643 -2.520636 0.0315 87 2 -1334 312
1336983 DESIXJ08181322+0445587 124.555086 4.766317 0.0139 43 2 2348 258
1342675 DESIXJ10432799-0056452 160.866620 -0.945898 0.0383 86 2 -4937 383
1349848 DESIXJ15365342+3808192 234.222602 38.138663 0.0649 210 2 -7966 434
1351430 DESIXJ09391632+0446371 144.817994 4.776981 0.1437 200 1 20183 673
1355561 DESIXJ07211668+4132136 110.319493 41.537101 0.0501 170 4 -2610 570
1356039 DESIXJ14464998-0011348 221.708267 -0.193003 0.0799 224 5 -1568 828
1357664 DESIXJ08134028+0625078 123.417851 6.418837 0.0972 152 4 17861 1233
1358457 DESIXJ14052242+0428187 211.343398 4.471858 0.0886 159 4 3376 1043
1359398 DESIXJ07571251+2244187 119.302121 22.738522 0.0824 109 2 12178 796
1361771 DESIXJ13302649-0239067 202.610367 -2.651874 0.0214 62 9 -2790 1197
1362286 DESIXJ07461632+2227325 116.567993 22.459033 0.0281 74 5 1911 794
1363883 DESIXJ14150362+3627257 213.765063 36.457141 0.0063 80 5 -1533 161
1364279 DESIXJ11102603-0016417 167.608448 -0.278259 0.0746 217 2 -2199 462
1364937 DESIXJ10490819-0103078 162.284128 -1.052162 0.0562 94 3 7697 872
1367628 DESIXJ15283017+0511094 232.125722 5.185938 0.0331 48 2 12714 771
1368035 DESIXJ14160603+0501275 214.025144 5.024309 0.0268 31 4 7664 1543
1370320 DESIXJ15073319+0451151 226.888293 4.854204 0.0355 28 2 19124 1177
1370688 DESIXJ16180249+1130445 244.510381 11.512352 0.0361 113 2 1019 317
1373047 DESIXJ14332142-0103044 218.339269 -1.051229 0.0298 26 4 9061 1862
1373433 DESIXJ12400434+6124512 190.018100 61.414215 0.0759 200 1 -1872 438
1374825 DESIXJ11481511+5536592 177.062967 55.616438 0.0498 285 2 -2225 381
1374826 DESIXJ14400177+3050425 220.007368 30.845136 0.1177 263 7 -9320 1369
1377898 DESIXJ13273890-0212485 201.912076 -2.213470 0.0383 81 2 6154 552
1378368 DESIXJ13454225+0441353 206.426044 4.693140 0.0305 26 3 9265 1596
1378546 DESIXJ10240714+0237235 156.029757 2.623188 0.0822 308 4 -7930 690
1378851 DESIXJ02570108-0029243 44.254516 -0.490072 0.0382 65 8 3438 1977
1380804 DESIXJ09340415+0023018 143.517289 0.383827 0.0234 59 8 43 1278
1380806 DESIXJ16485926+2955175 252.246931 29.921525 0.0319 100 7 -3749 870
1383774 DESIXJ14000108+0050351 210.004484 0.843082 0.0323 82 1 277 266
1385495 DESIXJ15214354+0437598 230.431421 4.633280 0.0773 299 1 -5807 391
1389530 DESIXJ10165575-0540061 154.232292 -5.668359 0.0536 157 2 -6700 435
1391269 DESIXJ21402460-0224269 325.102495 -2.407485 0.0520 125 8 13541 1382
1393329 DESIXJ07242595+4734248 111.108146 47.573563 0.0774 185 8 4233 1439
1398907 DESIXJ21492035-0236126 327.334797 -2.603488 0.0637 108 1 9422 401
1406217 DESIXJ10403533-0217027 160.147226 -2.284075 0.0378 84 2 4961 394
1407199 DESIXJ02080821+0139410 32.034196 1.661394 0.0960 296 14 -11388 1747
1408964 DESIXJ13201059+0026294 200.044123 0.441491 0.0775 40 1 42627 1074
1410003 DESIXJ11011245-0550453 165.301880 -5.845928 0.0235 112 2 -625 239
1414613 DESIXJ10094122-0343420 152.421765 -3.728333 0.0403 107 6 93 905
1415479 DESIXJ16381490+0419171 249.562093 4.321423 0.0518 170 5 -1624 638
1422092 DESIXJ22593229-0211037 344.884549 -2.184363 0.0323 126 3 -2371 394
1422819 DESIXJ22005580+0137082 330.232487 1.618944 0.1130 539 6 -17908 939
1426136 DESIXJ07455004+5233556 116.458512 52.565451 0.0682 17 1 59425 1667
1426680 DESIXJ12203035-0027031 185.126469 -0.450867 0.0066 285 14 -7274 142
1427956 DESIXJ14344213+0317498 218.675525 3.297159 0.0272 101 1 2076 167
1429453 DESIXJ22075882+0123387 331.995074 1.394081 0.0448 220 0 -4050 198
1433530 DESIXJ12561807+3439242 194.075293 34.656716 0.0024 19 3 -242 193
5001072 DESIXJ03320593-0143252 53.024714 -1.723673 0.1356 143 1 22426 735
5001073 DESIXJ12152106-0138403 183.837769 -1.644534 0.0398 98 3 -7340 511
5001729 DESIXJ08105894+1631276 122.745599 16.524328 0.1571 224 25 -429 6578
5003025 DESIXJ13045997+6914257 196.249856 69.240474 0.0544 46 3 13990 1651
