# SGA_ID DESI_NAME RA Dec z_desi V_0p4R26  V_0p4R26_err  V_PEC  V_ERR_PEC
13972 DESIXJ13431524+0219406 205.813495 2.327947 0.0798 209 6 -85 1170
71443 DESIXJ10010932+7313060 150.288852 73.218335 0.1150 642 41 -38936 2916
78264 DESIXJ14395976-0341578 219.998989 -3.699382 0.0585 156 11 4211 1734
91143 DESIXJ11174561+0227117 169.440025 2.453246 0.0303 201 15 -5246 911
110860 DESIXJ10485488-0042339 162.228678 -0.709403 0.0261 53 3 6508 699
145305 DESIXJ07134732+5035093 108.447179 50.585917 0.0191 242 12 -9040 398
159653 DESIXJ13003721-0343339 195.155060 -3.726085 0.0854 257 19 3106 2694
181763 DESIXJ21062351+0001095 316.597961 0.019302 0.0504 209 25 -9341 2451
186914 DESIXJ15074783+0117315 226.949287 1.292076 0.0069 31 28 1263 2340
193587 DESIXJ15092408-0139537 227.350330 -1.664923 0.0212 106 1 -551 175
197794 DESIXJ23235404+0940035 350.975179 9.667632 0.0117 261 11 -1916 211
202961 DESIXJ14170308+3629240 214.262829 36.489997 0.0112 166 27 -3686 721
213993 DESIXJ15091497+0155172 227.312366 1.921434 0.0058 43 35 -578 1901
280549 DESIXJ15464904+3719299 236.704317 37.324969 0.0655 294 4 -8579 617
284769 DESIXJ01264226-0105162 21.676076 -1.087826 0.0146 31 32 2308 5105
301507 DESIXJ14253470-0122341 216.394593 -1.376131 0.0555 228 26 -5867 2493
317571 DESIXJ14095170-0609248 212.465437 -6.156897 0.0449 191 24 -34 2261
330750 DESIXJ14092225-0610472 212.342708 -6.179786 0.0752 160 9 3739 1774
331964 DESIXJ11195625-0128486 169.984390 -1.480165 0.0249 103 14 3556 1336
340118 DESIXJ01183453+3049259 19.643895 30.823864 0.0518 231 23 -606 2016
353670 DESIXJ13342522+3441256 203.605097 34.690431 0.0240 179 14 5770 748
374961 DESIXJ14291958+0242379 217.331589 2.710515 0.0060 333 13 -5669 99
379179 DESIXJ14074132+0253062 211.922164 2.885055 0.0490 112 16 3223 2749
382966 DESIXJ22205088+0108102 335.211997 1.136169 0.0871 151 14 9631 3284
396769 DESIXJ15073724+0201094 226.905170 2.019278 0.0064 56 17 -406 899
407171 DESIXJ09483716-0509520 147.154853 -5.164443 0.0202 146 9 -2909 557
423453 DESIXJ08561286-0314350 134.053583 -3.243065 0.0065 98 11 -1029 294
461782 DESIXJ15243762+0857451 231.156760 8.962525 0.0357 60 22 6511 6505
465403 DESIXJ14422571+0313550 220.607108 3.231957 0.0258 271 3 -699 302
490488 DESIXJ12551792-0621364 193.824679 -6.360117 0.0161 92 13 -1324 897
492269 DESIXJ12475939-0509245 191.997452 -5.156807 0.0494 215 6 -4574 616
515215 DESIXJ01244167-0135136 21.173617 -1.587115 0.0165 332 21 -1963 442
553216 DESIXJ16261568+1014086 246.565328 10.235710 0.0502 284 9 -5137 646
573755 DESIXJ12343456+0242169 188.643986 2.704697 0.0792 282 8 -3561 1462
580376 DESIXJ12234472-0118202 185.936336 -1.305602 0.0398 181 15 -74 1396
643347 DESIXJ16081019+3054551 242.042456 30.915317 0.1560 374 19 -13308 3279
669495 DESIXJ12592328-0148403 194.847021 -1.811200 0.0845 265 5 -900 1014
688843 DESIXJ11011752+5049394 165.323011 50.827597 0.0678 160 20 1304 3321
690924 DESIXJ01262125-0118517 21.588531 -1.314372 0.0174 159 30 -5699 1310
693026 DESIXJ15240947+0840503 231.039469 8.680630 0.0356 171 20 -5679 1652
699974 DESIXJ09530255-0356539 148.260611 -3.948298 0.0479 223 11 -1957 1125
748610 DESIXJ14435467+4334501 220.977779 43.580582 0.0270 218 25 759 1234
750801 DESIXJ04061472-0539068 61.561322 -5.651902 0.0161 191 2 -3258 108
754627 DESIXJ23120268+0600045 348.011180 6.001262 0.0440 169 23 -1852 2381
757946 DESIXJ08582061-0023462 134.585862 -0.396169 0.0706 270 7 -8071 966
759160 DESIXJ13570806+0259106 209.283580 2.986282 0.1896 349 16 32650 5430
785946 DESIXJ13524412+0048097 208.183823 0.802693 0.0152 14 30 9462 5931
808968 DESIXJ14505841-0351053 222.743373 -3.851465 0.0591 171 18 -1971 2554
815078 DESIXJ10305352+0321424 157.722985 3.361781 0.0741 27 21 49385 23488
836587 DESIXJ12065874+5136087 181.744762 51.602428 0.0908 311 14 -10440 1745
848607 DESIXJ10070765+0804391 151.781860 8.077541 0.0589 194 4 -5904 548
857722 DESIXJ15463204+0427598 236.633505 4.466619 0.0750 276 7 -2747 965
907510 DESIXJ12483667+0239231 192.152782 2.656420 0.0809 211 18 4028 2884
916159 DESIXJ14325128+0332208 218.213677 3.539116 0.0278 126 38 -6732 3776
923938 DESIXJ12444044-0005223 191.168497 -0.089517 0.0497 184 3 -4952 578
927499 DESIXJ15154536+0647156 228.939001 6.787654 0.0340 177 11 -7616 856
931571 DESIXJ10205590+0210465 155.232906 2.179596 0.0727 200 12 2904 1892
938543 DESIXJ14453734+0326003 221.405583 3.433430 0.0276 42 21 10584 6927
995924 DESIXJ12572357+2732598 194.348213 27.549951 0.0202 45 20 1136 4470
998405 DESIXJ10223137+0041349 155.630724 0.693037 0.0338 153 13 7465 1142
1038230 DESIXJ14360258+3630115 219.010749 36.503182 0.0139 130 19 -641 785
1047990 DESIXJ18350381+5022376 278.765893 50.377123 0.0963 319 15 -16383 1936
1050672 DESIXJ16463191+1007294 251.632963 10.124829 0.0324 179 2 -4831 403
1067363 DESIXJ09484683-0534142 147.195127 -5.570621 0.0207 117 6 -1796 459
1074821 DESIXJ04183406-0712042 64.641934 -7.201179 0.0697 229 7 -5116 936
1081444 DESIXJ20581854+0101062 314.577238 1.018402 0.0470 84 34 11390 9607
1101829 DESIXJ15410604+0211364 235.275147 2.193435 0.0645 115 18 14624 4102
1102000 DESIXJ13010046+0052570 195.251935 0.882491 0.0815 273 6 -5692 1282
1143335 DESIXJ12230619+0515010 185.775798 5.250280 0.0055 126 9 687 157
1148064 DESIXJ08550100-0308460 133.754163 -3.146098 0.0059 236 18 -3827 177
1156556 DESIXJ01572262+0542422 29.344260 5.711716 0.0197 109 17 -3261 1226
1195303 DESIXJ08164227+0951199 124.176113 9.855520 0.0832 284 6 610 1288
1218766 DESIXJ14133677-0543509 213.403191 -5.730794 0.0355 153 14 3403 1421
1253405 DESIXJ08360873+0039577 129.036360 0.666032 0.0136 61 8 -692 750
1257152 DESIXJ11160506-0346585 169.021067 -3.782922 0.0809 201 19 3764 3099
1263500 DESIXJ10571070+0325233 164.294576 3.423144 0.0566 268 14 -5863 1326
1269232 DESIXJ11343918-0153427 173.663269 -1.895186 0.0733 278 16 -1446 1775
1276149 DESIXJ14314271+0219193 217.927947 2.322026 0.0652 139 15 4344 2697
1277500 DESIXJ10221306+0126423 155.554409 1.445096 0.1028 214 4 -1304 1425
1284005 DESIXJ01291480+0038450 22.311679 0.645826 0.0784 216 16 -5863 2530
1307987 DESIXJ08312590-0405230 127.857921 -4.089722 0.0319 163 34 -4850 2674
1340832 DESIXJ11340390+0258243 173.516257 2.973424 0.0199 119 20 -2341 1358
1349168 DESIXJ12593529+2751491 194.897029 27.863640 0.0211 34 17 5405 5196
1355696 DESIXJ15133000+0206150 228.374983 2.104159 0.0386 191 9 -4546 738
1358403 DESIXJ16011061+2836289 240.294208 28.608022 0.0763 311 9 -8506 1052
1358413 DESIXJ11060960+0317495 166.539994 3.297072 0.0307 100 12 2144 1442
1373380 DESIXJ14174765+0734371 214.448539 7.576972 0.0247 79 7 -1140 912
1414627 DESIXJ13382955-0301423 204.623107 -3.028410 0.0884 303 10 -212 1620
1415507 DESIXJ04294222+0039044 67.425901 0.651227 0.0121 84 22 -330 1366
5001124 DESIXJ10525582-0008210 163.232579 -0.139160 0.1506 257 13 -14652 3475
