# SGA_ID DESI_NAME RA Dec z_desi V_0p4R26  V_0p4R26_err  V_PEC  V_ERR_PEC
18171 DESIXJ21105773+0109527 317.740560 1.164637 0.0903 219 1 -555 542
18900 DESIXJ13403122+0437086 205.130097 4.619043 0.0224 52 2 2647 351
20828 DESIXJ20452158-0505449 311.339907 -5.095804 0.0522 97 1 9894 335
24403 DESIXJ13023920-0257343 195.663329 -2.959515 0.0675 222 1 -2594 411
34318 DESIXJ15173290+0109051 229.387090 1.151405 0.1257 235 38 7564 7706
43314 DESIXJ19180598+6436397 289.524898 64.611027 0.0255 104 2 1327 299
61768 DESIXJ23195165+0025234 349.965218 0.423153 0.0341 123 0 -305 278
63092 DESIXJ14161558-0127527 214.064897 -1.464640 0.0363 149 0 -5767 286
65921 DESIXJ21443087-0617367 326.128630 -6.293535 0.0900 89 21 26924 8751
92813 DESIXJ12311976+5732160 187.832342 57.537789 0.0897 198 7 159 1472
93998 DESIXJ13121578+5559117 198.065747 55.986581 0.0322 71 1 2463 289
96707 DESIXJ21125256-0021584 318.218985 -0.366214 0.0320 46 4 1628 1263
103331 DESIXJ14061082-0227322 211.545101 -2.458936 0.0351 73 1 961 432
104659 DESIXJ14260656-0226522 216.527338 -2.447826 0.0737 41 0 34472 802
107464 DESIXJ12362820+5118130 189.117505 51.303608 0.1430 243 1 3993 1336
109295 DESIXJ10595175+0444561 164.965645 4.748929 0.0532 11 2 46163 3841
109564 DESIXJ09171154+3955209 139.298102 39.922479 0.0279 31 2 9353 723
113164 DESIXJ13272854+4932434 201.868902 49.545400 0.0870 143 2 5287 676
115633 DESIXJ10084045+5843567 152.168524 58.732413 0.0310 199 1 -2158 204
117558 DESIXJ14150485-0014464 213.770193 -0.246221 0.0387 53 3 -349 1036
121946 DESIXJ11262204+0223255 171.591847 2.390417 0.0456 114 6 7249 1070
122726 DESIXJ12574945+5903026 194.456028 59.050716 0.0223 75 4 -2958 481
123165 DESIXJ16022885+1353050 240.620198 13.884735 0.0343 103 1 2633 197
123909 DESIXJ11482283-0316012 177.095131 -3.266991 0.1238 243 13 7248 2465
124861 DESIXJ14170416-0251399 214.267331 -2.861071 0.0296 20 6 11612 4141
126773 DESIXJ11010284-0047228 165.261830 -0.789656 0.0445 49 0 11340 449
131461 DESIXJ14340092-0303486 218.503828 -3.063493 0.0430 87 1 7064 480
136291 DESIXJ13010078-0158395 195.253269 -1.977629 0.0047 11 32 1013 1853
138488 DESIXJ14092017-0539457 212.334027 -5.662704 0.0297 44 7 968 2016
151873 DESIXJ11523145-0340291 178.131057 -3.674744 0.0055 28 12 1036 1146
156453 DESIXJ11324545-0044278 173.189368 -0.741055 0.0224 57 1 4210 298
160227 DESIXJ04363918-0217088 69.163267 -2.285789 0.0323 147 3 -2198 385
165198 DESIXJ11373922-0048542 174.413426 -0.815045 0.0443 143 0 -976 230
166352 DESIXJ11531465-0323486 178.311025 -3.396844 0.0125 60 6 -414 584
168698 DESIXJ17324265+1535461 263.177705 15.596144 0.0463 54 0 19278 426
179552 DESIXJ13260543-0115132 201.522613 -1.253658 0.0546 110 2 2302 586
182492 DESIXJ08452911+0402129 131.371288 4.036919 0.0961 136 5 5738 1399
186928 DESIXJ14291177-0014152 217.299049 -0.237558 0.0344 70 3 7242 618
191095 DESIXJ09573291+0040049 149.387141 0.668022 0.0871 198 1 490 566
195392 DESIXJ12504595-0326239 192.691445 -3.439963 0.1192 90 0 33229 1325
201535 DESIXJ14421952+3706460 220.581325 37.112776 0.0332 65 8 625 1586
205885 DESIXJ11074860+0055272 166.952516 0.924226 0.0613 111 3 4582 819
207461 DESIXJ15570869+3323466 239.286223 33.396281 0.1049 138 8 14762 2553
210027 DESIXJ22580448-0027440 344.518683 -0.462227 0.0162 44 1 1150 295
211078 DESIXJ14310320+3531119 217.763341 35.519969 0.0136 27 2 4313 446
212110 DESIXJ14511440+3532316 222.809986 35.542117 0.0043 82 4 -1017 86
212750 DESIXJ13384195+5033478 204.674796 50.563279 0.0143 28 10 1811 2544
222663 DESIXJ02202854-0537050 35.118900 -5.618069 0.0455 101 1 6176 611
222667 DESIXJ10545071-0058355 163.711311 -0.976520 0.0751 141 5 9351 1414
228678 DESIXJ12135422-0105203 183.475914 -1.088975 0.0066 51 24 -2512 1560
230453 DESIXJ04270676-1729212 66.778150 -17.489228 0.0314 40 5 4255 1525
231231 DESIXJ15092310-0316038 227.346241 -3.267713 0.0363 168 2 -2345 281
235850 DESIXJ16565605+2926446 254.233546 29.445733 0.0385 107 1 4947 339
238713 DESIXJ07165923+4356094 109.246780 43.935953 0.0646 137 1 8945 451
241749 DESIXJ10211829-0033531 155.326192 -0.564750 0.0532 206 1 3156 300
249545 DESIXJ13190263+3253484 199.760964 32.896788 0.0265 55 1 3677 397
260992 DESIXJ16014954+1843174 240.456436 18.721498 0.0088 28 4 637 537
261824 DESIXJ09504177+7747549 147.674048 77.798580 0.0379 86 8 1863 1427
262345 DESIXJ00184090-0320587 4.670415 -3.349637 0.0210 101 5 432 451
263074 DESIXJ04212040-0202453 65.334980 -2.045917 0.0406 76 1 3960 519
271351 DESIXJ15482994+3149385 237.124770 31.827362 0.0969 159 14 13216 3416
272387 DESIXJ15190840+0502234 229.785004 5.039821 0.0396 84 1 3886 362
278436 DESIXJ15431393+0737227 235.808025 7.622972 0.0714 219 7 -6669 946
279389 DESIXJ08382862+4431051 129.619266 44.518095 0.0546 189 1 -5227 461
280049 DESIXJ08491339+0051064 132.305797 0.851784 0.0432 128 0 4472 247
281560 DESIXJ11301053-0126528 172.543888 -1.447990 0.1190 685 13 -33224 1359
284044 DESIXJ09403081+0729219 145.128391 7.489421 0.0167 65 21 -1111 2506
285290 DESIXJ11350495+0233050 173.770616 2.551383 0.0174 31 0 7442 304
288153 DESIXJ14573203+4252386 224.383464 42.877395 0.0343 131 11 -4421 1090
291099 DESIXJ10054702+0214435 151.445930 2.245405 0.0457 281 24 1167 1540
297874 DESIXJ14152690+3624308 213.862082 36.408549 0.0282 61 6 3475 1172
300039 DESIXJ02364851-0030214 39.202132 -0.505942 0.0401 87 3 -191 816
304094 DESIXJ21120042-0016465 318.001758 -0.279585 0.0118 71 1 -897 156
305632 DESIXJ10074482-0013195 151.936765 -0.222094 0.0949 160 3 5258 900
306108 DESIXJ14174112-0008392 214.421349 -0.144209 0.0496 92 3 3257 828
306945 DESIXJ11294765+6753415 172.448542 67.894859 0.0523 117 2 -1773 542
307454 DESIXJ08494428+0457286 132.434483 4.957956 0.0315 71 1 -714 349
311843 DESIXJ14483247-0034307 222.135289 -0.575197 0.0431 84 2 4760 475
313023 DESIXJ13342969+0339401 203.623722 3.661144 0.0566 443 5 -17522 476
315716 DESIXJ13410350+0344472 205.264588 3.746446 0.0237 67 0 66 248
323574 DESIXJ10095881-0448011 152.495042 -4.800314 0.0561 104 4 6335 896
334441 DESIXJ01264971-0058310 21.707106 -0.975272 0.0162 159 1 -2304 144
335543 DESIXJ12042989-0237528 181.124552 -2.631329 0.0829 44 1 30345 1236
341669 DESIXJ11141615-0838211 168.567274 -8.639195 0.0238 55 6 591 1125
343974 DESIXJ07170916+6441211 109.288172 64.689185 0.0143 87 2 -152 173
359996 DESIXJ15193777+0540553 229.907355 5.682032 0.0526 296 5 -6440 475
360691 DESIXJ13412411+4808239 205.350457 48.139970 0.0879 247 13 439 1797
367762 DESIXJ14185181+0036141 214.715856 0.603903 0.0533 97 5 -647 1262
368879 DESIXJ16141279+2954509 243.553299 29.914143 0.0343 69 4 9246 837
376299 DESIXJ16231758+2632347 245.823250 26.542961 0.0651 62 11 30453 4477
381589 DESIXJ12072432+5142506 181.851337 51.714065 0.0826 283 26 -11166 2893
386607 DESIXJ02265802+0034378 36.741730 0.577163 0.0254 67 1 1866 398
387245 DESIXJ11414342+0243391 175.430937 2.727527 0.0256 68 2 -999 430
387441 DESIXJ11142743-0051002 168.614281 -0.850065 0.0690 90 1 8743 826
388768 DESIXJ11193274+0022442 169.886396 0.378952 0.0254 23 7 6613 3374
391038 DESIXJ08461226+0224376 131.551065 2.410439 0.0280 107 13 -1789 1368
394411 DESIXJ14315938+0134530 217.997429 1.581394 0.0297 81 2 -1432 343
418283 DESIXJ16321423+2521255 248.059281 25.357075 0.0428 194 5 -5924 509
418734 DESIXJ13445156+1034576 206.214833 10.582665 0.0729 239 11 -3973 1324
425174 DESIXJ16190985+4259574 244.791059 42.999288 0.0907 52 1 43415 971
430363 DESIXJ10141410-0208454 153.558733 -2.145945 0.0205 21 6 6181 2981
433336 DESIXJ15080573+3423239 227.023875 34.389964 0.0446 294 5 -6467 545
434243 DESIXJ10115144+5853234 152.964339 58.889827 0.0305 111 1 1692 247
447298 DESIXJ10325582-0609392 158.232587 -6.160899 0.1352 200 22 17912 5461
449322 DESIXJ15504991+1305280 237.707965 13.091120 0.0729 28 5 48584 5321
451674 DESIXJ11562943+5812438 179.122640 58.212168 0.0365 60 3 339 822
462867 DESIXJ14305435+5245408 217.726447 52.761324 0.0453 89 4 1569 839
467986 DESIXJ09065700-0007247 136.737515 -0.123524 0.0189 33 8 5927 1963
472177 DESIXJ11402178-0242129 175.090766 -2.703572 0.0220 60 17 4804 2876
476848 DESIXJ02344103+0048412 38.670956 0.811431 0.0211 39 3 2556 815
482276 DESIXJ14275501-0033451 216.979199 -0.562521 0.0791 109 2 24299 867
486322 DESIXJ12352585+3556228 188.857717 35.939659 0.0424 30 2 20226 1415
486829 DESIXJ13382858-0106463 204.619094 -1.112852 0.0706 161 0 5415 320
493017 DESIXJ14315623+3338326 217.984297 33.642400 0.0337 228 1 -1031 375
495246 DESIXJ06224238+6511271 95.676599 65.190868 0.0215 92 3 970 307
495887 DESIXJ09473682-0214071 146.903411 -2.235295 0.0312 112 1 3613 368
508928 DESIXJ07272895+3322109 111.870620 33.369703 0.1240 363 24 -12058 3098
513449 DESIXJ10445629+0044284 161.234536 0.741233 0.0054 24 0 -197 72
513880 DESIXJ17020839+1322021 255.534979 13.367242 0.0833 117 13 19295 3709
518018 DESIXJ12135517-0300254 183.479888 -3.007052 0.0378 21 1 18322 911
523844 DESIXJ11534673+0111362 178.444688 1.193400 0.0705 44 1 39828 789
525223 DESIXJ10581639-0733470 164.568310 -7.563052 0.0619 118 2 3085 565
530581 DESIXJ08371401-0016296 129.308365 -0.274876 0.0377 74 1 6531 429
535043 DESIXJ13561814-0132210 209.075570 -1.539173 0.0252 63 2 3481 445
541540 DESIXJ08353440+0340187 128.893326 3.671869 0.0131 50 9 -1354 1010
543157 DESIXJ13480748+0542300 207.031148 5.708344 0.0501 22 1 25019 1462
554037 DESIXJ23193048+0022180 349.876989 0.371678 0.0314 69 2 3567 633
559101 DESIXJ14434790-0144196 220.949603 -1.738789 0.1072 140 2 7613 1261
561775 DESIXJ13152973-0036259 198.873857 -0.607202 0.0386 95 1 -806 415
567824 DESIXJ12255306+0327565 186.471071 3.465707 0.0258 62 1 2294 241
570046 DESIXJ12082732+0057046 182.113847 0.951269 0.1591 198 18 11612 5760
573881 DESIXJ07423612+2815408 115.650492 28.261329 0.0158 13 2 8365 1381
576058 DESIXJ13083740+5404283 197.155832 54.074528 0.0082 50 2 1261 195
576406 DESIXJ10342678+4951364 158.611591 49.860122 0.0452 86 3 -470 722
576508 DESIXJ16130440+3339578 243.268352 33.666059 0.0328 105 10 677 1193
576844 DESIXJ15465367+0605423 236.723612 6.095092 0.0342 50 3 2414 805
578333 DESIXJ13464633+4806058 206.693022 48.101603 0.0570 69 1 9600 667
579732 DESIXJ08422812-0017008 130.617184 -0.283563 0.0513 68 16 7423 5194
580391 DESIXJ09463579-0550426 146.649131 -5.845172 0.0431 114 1 2304 298
580774 DESIXJ10562128+0145543 164.088679 1.765093 0.0388 117 1 -182 233
614018 DESIXJ11160571-0645493 169.023775 -6.763691 0.0246 81 6 -3153 709
619169 DESIXJ12225271+3349436 185.719613 33.828768 0.0019 18 10 -693 518
624534 DESIXJ08323495-0025265 128.145624 -0.424025 0.0401 80 1 5471 594
630202 DESIXJ14460858+0051518 221.535769 0.864388 0.0736 102 2 15749 689
636477 DESIXJ13152172+0118496 198.840515 1.313780 0.0333 111 2 3447 308
639972 DESIXJ12005837-0341160 180.243192 -3.687779 0.0264 94 2 -2520 258
651835 DESIXJ12502629+0328400 192.609556 3.477764 0.1624 288 13 6384 3102
652011 DESIXJ15025269+3109556 225.719527 31.165448 0.0678 267 2 -10154 447
659101 DESIXJ11404665+6447120 175.194356 64.786677 0.0386 56 0 6764 384
668490 DESIXJ02591453+0033591 44.810524 0.566411 0.0093 14 10 1843 2928
678974 DESIXJ12472954-0301124 191.873083 -3.020111 0.0890 43 15 46412 15178
689035 DESIXJ11295811-0405527 172.492145 -4.097980 0.0368 29 1 15360 1003
691907 DESIXJ04394005-0921103 69.916868 -9.352873 0.0166 23 18 9159 5356
699399 DESIXJ17512937+5229069 267.872360 52.485246 0.0175 36 8 2917 1618
699641 DESIXJ12150294+3557321 183.762265 35.958926 0.0031 13 2 1237 187
706244 DESIXJ09324511-0106414 143.187975 -1.111512 0.0135 40 16 260 2739
712607 DESIXJ09521759-0138035 148.073275 -1.634310 0.0194 22 0 9445 254
718735 DESIXJ12111981+0048174 182.832539 0.804832 0.0212 34 5 4944 1389
723089 DESIXJ12235508+6123012 185.979515 61.383680 0.0334 41 5 4858 1649
723903 DESIXJ22574539-0054255 344.439142 -0.907083 0.0455 100 4 4248 846
724198 DESIXJ13034850+2605214 195.952091 26.089290 0.0375 199 1 703 271
742167 DESIXJ16443054+3428400 251.127251 34.477778 0.0850 263 3 -8516 919
743644 DESIXJ15594127+0611422 239.921970 6.195043 0.0458 68 0 6710 380
743655 DESIXJ12400186-0336247 190.007732 -3.606848 0.0084 41 17 481 1707
751379 DESIXJ12343515+0259381 188.646441 2.993917 0.0639 65 2 10639 1135
752606 DESIXJ13565150-0019528 209.214588 -0.331321 0.1060 188 2 9001 1335
754543 DESIXJ10332661+0150235 158.360881 1.839869 0.0291 51 10 8470 2369
755132 DESIXJ14252475+5133161 216.353140 51.554475 0.0067 30 1 -382 156
757166 DESIXJ12370486+6142463 189.270241 61.712873 0.0759 77 1 14524 757
757816 DESIXJ13204162-0120569 200.173423 -1.349149 0.0663 223 3 -3847 476
760219 DESIXJ10001196-0818040 150.049831 -8.301121 0.0331 102 6 -2312 800
765622 DESIXJ15124144+0736215 228.172677 7.605976 0.0485 99 0 2483 336
775418 DESIXJ04341989-0749015 68.582861 -7.817096 0.0301 100 2 -950 298
784282 DESIXJ09130177-0153555 138.257371 -1.898738 0.0397 99 0 6240 222
785048 DESIXJ04211149-0632521 65.297859 -6.547803 0.0393 136 2 -365 287
794974 DESIXJ12470897+6108161 191.787379 61.137818 0.0695 16 0 55015 1337
797450 DESIXJ11370679+0250450 174.278312 2.845835 0.0292 230 1 -6167 227
799981 DESIXJ08341496-0023459 128.562341 -0.396085 0.0490 204 0 -3626 226
801483 DESIXJ11290596-0358411 172.274815 -3.978093 0.0366 62 1 6128 402
805991 DESIXJ13071070-0645547 196.794587 -6.765199 0.0048 24 2 48 197
807012 DESIXJ14211859-0527399 215.327471 -5.461073 0.0237 39 4 1913 1004
808667 DESIXJ13594337+4023142 209.930721 40.387278 0.0127 18 9 5742 3136
809606 DESIXJ13164623+0713093 199.192608 7.219241 0.0508 127 1 -165 305
817748 DESIXJ12042633-0037550 181.109717 -0.631936 0.0204 75 1 -252 161
820407 DESIXJ15170493+0450535 229.270550 4.848203 0.0378 31 12 14018 7181
820636 DESIXJ16222293+1034382 245.595543 10.577272 0.0331 62 4 1100 1005
821914 DESIXJ13014731+0534267 195.447109 5.574072 0.0544 107 2 227 590
822041 DESIXJ01265452-0038510 21.727169 -0.647505 0.1646 181 6 61 2641
822111 DESIXJ13153859+0446124 198.910772 4.770115 0.1251 155 1 17175 739
822187 DESIXJ17025404+2109258 255.725155 21.157179 0.0553 46 8 14036 3760
822622 DESIXJ15551203+3045433 238.800140 30.762028 0.0322 93 2 -2959 319
823338 DESIXJ13181343-0008534 199.555952 -0.148171 0.0488 86 0 6567 302
824416 DESIXJ13314734+0158299 202.947244 1.974985 0.1025 277 7 -1203 1135
832400 DESIXJ16014589+1508201 240.441213 15.138915 0.0564 140 0 5056 280
837585 DESIXJ14002937+4819148 210.122392 48.320780 0.1503 343 22 104 3880
845734 DESIXJ13143785-0318276 198.657707 -3.307667 0.0415 314 15 -4913 867
846460 DESIXJ15182449+3244331 229.602048 32.742532 0.0301 45 4 5789 1045
848778 DESIXJ08083203+1812212 122.133473 18.205893 0.0170 60 0 93 138
856840 DESIXJ09492902-0225061 147.370903 -2.418367 0.0830 156 1 5242 797
862813 DESIXJ09293817+0157226 142.409062 1.956277 0.0506 297 18 -16967 1200
865433 DESIXJ16421932+0345456 250.580497 3.762656 0.0960 573 7 -31934 955
866527 DESIXJ09452623+0512312 146.359274 5.208668 0.0105 15 6 1523 2235
867724 DESIXJ10520311+3619370 163.012943 36.326934 0.1203 316 14 -9351 2384
868117 DESIXJ11403965-0218069 175.165204 -2.301917 0.0478 214 12 -4447 1225
872996 DESIXJ15021953+3217446 225.581366 32.295729 0.0394 85 1 2472 307
873021 DESIXJ00530500+0319087 13.270832 3.319082 0.0415 50 1 16156 632
878505 DESIXJ12414056+3324593 190.419015 33.416459 0.0225 109 0 -3270 121
885043 DESIXJ13090478-0727115 197.269901 -7.453198 0.0306 119 2 -2450 264
887543 DESIXJ04383013-0132100 69.625562 -1.536104 0.0679 209 1 -1630 450
888602 DESIXJ08415852+0030236 130.493848 0.506564 0.1336 305 1 -15915 1570
890344 DESIXJ13471695+0148052 206.820615 1.801439 0.0330 39 2 5371 740
895614 DESIXJ02235491-0242158 35.978785 -2.704394 0.0192 51 5 1108 788
897445 DESIXJ08380712-0013434 129.529678 -0.228735 0.0522 51 3 11356 1270
904330 DESIXJ13255401+4746441 201.475054 47.778913 0.0392 57 2 5250 845
913493 DESIXJ15081508+3059511 227.062852 30.997516 0.0636 145 4 5116 734
916855 DESIXJ00585547+0100180 14.731115 1.004992 0.0179 24 4 5529 1196
919136 DESIXJ10222767-0055341 155.615276 -0.926140 0.0485 97 1 -620 422
919986 DESIXJ16121523+4315048 243.063470 43.251320 0.0532 119 28 5527 5142
926049 DESIXJ07531368+2413354 118.307007 24.226502 0.1235 387 20 -10181 2535
926065 DESIXJ15164240+0115437 229.176680 1.262141 0.0379 181 2 -2240 269
926573 DESIXJ12584568+0241012 194.690323 2.683671 0.0367 99 1 1183 366
928871 DESIXJ16265128+2946402 246.713658 29.777844 0.0476 160 6 -11015 781
930698 DESIXJ11374716+0039508 174.446520 0.664116 0.1069 174 4 12799 1316
932075 DESIXJ12291139+0107124 187.297464 1.120122 0.1180 73 31 50474 24117
935180 DESIXJ13510713-0226296 207.779694 -2.441553 0.0255 78 1 -1121 235
939496 DESIXJ06475380+5526173 101.974155 55.438145 0.0397 124 0 280 288
943595 DESIXJ18060269+3938546 271.511219 39.648493 0.0408 106 3 4294 598
946694 DESIXJ02264809-0319050 36.700358 -3.318058 0.0539 102 1 5234 378
952082 DESIXJ12485528+6235595 192.230328 62.599858 0.1032 418 20 -14867 2028
954010 DESIXJ06170123+6916557 94.255116 69.282145 0.0186 126 0 -2026 108
961501 DESIXJ18270031+5557186 276.751277 55.955164 0.1038 369 17 -13388 1924
965930 DESIXJ12120071-0046033 183.002972 -0.767571 0.0719 31 2 50586 2118
968399 DESIXJ08515800+7148525 132.991677 71.814580 0.0117 26 7 5640 1443
969076 DESIXJ12460932-0155450 191.538823 -1.929155 0.0853 147 2 8677 950
969430 DESIXJ10070286-0457563 151.761926 -4.965632 0.0332 47 5 2724 1468
970155 DESIXJ11305504-0531147 172.729348 -5.520757 0.1190 996 5 -67868 1594
978658 DESIXJ09482423-0352171 147.100967 -3.871405 0.0131 36 2 633 382
989076 DESIXJ15582800+0555298 239.616675 5.924949 0.0529 27 11 24926 10538
991476 DESIXJ15244627+3348260 231.192804 33.807224 0.0823 269 9 -4266 1450
992320 DESIXJ14544320+0440026 223.679980 4.667383 0.0455 84 1 4124 429
1001302 DESIXJ11575227+0051287 179.467773 0.857982 0.1059 155 1 5964 1200
1003542 DESIXJ14151275+0356130 213.803123 3.936934 0.0595 37 2 20534 1506
1006262 DESIXJ03140410-0000294 48.517092 -0.008154 0.0748 14 1 60404 3560
1014166 DESIXJ16085632+3150467 242.234658 31.846310 0.0319 116 16 -623 1693
1014184 DESIXJ08115863+1348423 122.994275 13.811740 0.0540 155 4 3099 644
1019231 DESIXJ12103562+5102320 182.648418 51.042231 0.1709 205 8 36327 2808
1019348 DESIXJ10344280+0301129 158.678331 3.020238 0.0725 35 2 41887 2219
1021468 DESIXJ15401107+0043145 235.046124 0.720689 0.0997 72 5 40790 2782
1023307 DESIXJ12175201-0054264 184.466727 -0.907347 0.0211 106 2 -2443 189
1028342 DESIXJ13250714-0057362 201.279766 -0.960068 0.0852 137 3 610 970
1029672 DESIXJ14340096-0303385 218.503991 -3.060683 0.0431 22 2 23930 2067
1031862 DESIXJ12570947-0500591 194.289459 -5.016415 0.0164 90 0 -942 216
1033299 DESIXJ11234512-0050175 170.938013 -0.838202 0.0089 44 3 -1267 268
1045891 DESIXJ21212604-0150003 320.358485 -1.833412 0.0548 196 4 2033 555
1051686 DESIXJ12011101-0117467 180.295895 -1.296295 0.0050 40 1 622 64
1059339 DESIXJ12401600-0740576 190.066647 -7.682661 0.0074 25 1 667 184
1062680 DESIXJ11472022+5229185 176.834270 52.488475 0.0474 143 1 1177 318
1063931 DESIXJ11240392-0717190 171.016349 -7.288600 0.0291 141 5 23 457
1065113 DESIXJ14494721-0355423 222.446690 -3.928420 0.0261 91 2 635 297
1070707 DESIXJ10204700-0145578 155.195824 -1.766069 0.0559 172 16 2758 2055
1072710 DESIXJ11541149-0107526 178.547857 -1.131290 0.0110 38 1 912 202
1073430 DESIXJ15454456+4415489 236.435674 44.263570 0.0343 54 1 2855 456
1073745 DESIXJ11140974-0008093 168.540599 -0.135915 0.1005 244 1 -2557 1224
1076447 DESIXJ09191995-0613310 139.833135 -6.225272 0.0244 57 2 1402 402
1079620 DESIXJ14135761-0013577 213.490059 -0.232702 0.0387 218 12 -10551 906
1084512 DESIXJ12331517+3544039 188.313192 35.734405 0.0028 19 5 -493 293
1088985 DESIXJ12564144+5339183 194.172667 53.655092 0.0234 76 1 1525 254
1111082 DESIXJ16221769+3851342 245.573698 38.859506 0.0330 54 2 4280 580
1111560 DESIXJ22401341-0048180 340.055879 -0.804999 0.0546 58 3 9004 1215
1111596 DESIXJ10215317+0147483 155.471537 1.796752 0.0713 273 1 -10629 420
1111638 DESIXJ16061254+3212519 241.552244 32.214429 0.1315 394 16 -22578 2218
1114834 DESIXJ13093344+5159023 197.389326 51.983984 0.0261 56 2 2363 426
1116993 DESIXJ20540431+0039465 313.517978 0.662929 0.0273 41 4 4866 1127
1117718 DESIXJ14211756+0424522 215.323151 4.414500 0.0279 48 2 309 518
1118664 DESIXJ09003443-0615195 135.143452 -6.255417 0.0442 136 2 5735 599
1122401 DESIXJ09585380-0033414 149.724182 -0.561491 0.0693 12 3 61092 10068
1126137 DESIXJ10435937-0035180 160.997384 -0.588329 0.0606 13 27 68265 23352
1126393 DESIXJ10545592-0622288 163.733012 -6.374655 0.0672 130 3 7713 756
1144068 DESIXJ20543655-0212320 313.652292 -2.208887 0.0847 315 3 -4626 543
1152521 DESIXJ12540301-0042550 193.512549 -0.715277 0.0848 45 1 30976 1159
1152853 DESIXJ16081311+4403155 242.054612 44.054300 0.1117 422 25 -26112 2595
1156131 DESIXJ22241336+3045297 336.055676 30.758241 0.0216 85 0 1557 211
1157936 DESIXJ08394122-0251236 129.921738 -2.856561 0.0497 141 21 5183 2923
1158856 DESIXJ12175614+0026098 184.483932 0.436052 0.0032 44 23 -687 830
1159755 DESIXJ09353544-0337069 143.897654 -3.618571 0.0528 112 1 -4994 366
1162430 DESIXJ04395858-0703022 69.994076 -7.050624 0.0140 21 0 5196 183
1167784 DESIXJ14104286+0447083 212.678601 4.785635 0.0850 174 1 2789 443
1169984 DESIXJ15045284+0128488 226.220146 1.480214 0.1323 85 29 43452 20792
1178306 DESIXJ13564520-0008523 209.188329 -0.147870 0.1076 205 2 9411 607
1183677 DESIXJ20541615-0041043 313.567289 -0.684514 0.0528 76 1 2539 474
1197161 DESIXJ12545124+0239113 193.713509 2.653150 0.0032 37 10 137 382
1199594 DESIXJ10362457+0042104 159.102364 0.702884 0.3068 78 26 159028 42121
1205722 DESIXJ08043808+1359040 121.158681 13.984449 0.0376 71 5 1588 1126
1206697 DESIXJ01464852+0041081 26.702149 0.685570 0.0577 31 2 26719 1939
1210091 DESIXJ08505340-0227271 132.722510 -2.457534 0.0109 18 2 2594 532
1214466 DESIXJ11552993-0417090 178.874728 -4.285838 0.0266 35 1 7018 426
1220191 DESIXJ02182790+0229050 34.616270 2.484730 0.0048 27 9 -623 766
1223679 DESIXJ07475546+3402115 116.981103 34.036528 0.0158 32 1 5278 296
1225148 DESIXJ09351073+5710283 143.794722 57.174536 0.0863 143 3 11342 1003
1227698 DESIXJ22525013-1055482 343.208856 -10.930066 0.0657 96 2 3620 702
1228082 DESIXJ08402929+0056579 130.122042 0.949421 0.0595 57 4 13400 2008
1232233 DESIXJ04461958-0654046 71.581587 -6.901283 0.0453 141 3 -1989 470
1246361 DESIXJ16185329+0530323 244.722027 5.508960 0.0645 178 1 1496 386
1247107 DESIXJ12555236-0536527 193.968149 -5.614629 0.0157 69 4 -2935 387
1264361 DESIXJ16275247+3333241 246.968605 33.556704 0.0303 69 3 -1875 646
1264926 DESIXJ12590510-0312144 194.771270 -3.204011 0.0101 44 1 -1113 156
1265162 DESIXJ21241733+0101421 321.072202 1.028356 0.0198 145 6 -3443 322
1266026 DESIXJ11273894-0002443 171.912265 -0.045632 0.0400 144 1 -3698 264
1274185 DESIXJ14272448+0304202 216.851995 3.072280 0.0240 52 2 5165 383
1274956 DESIXJ09433422+0107040 145.892603 1.117777 0.0511 176 1 -2255 360
1283395 DESIXJ15314343+0259024 232.930973 2.983996 0.1214 268 3 -14277 1358
1285415 DESIXJ12272629-0051525 186.859541 -0.864588 0.0405 69 4 6726 1119
1288837 DESIXJ16075472+0742309 241.977986 7.708578 0.1961 549 34 -38539 4518
1289615 DESIXJ09260603+4857404 141.525124 48.961234 0.0270 41 14 4822 4327
1290437 DESIXJ22343680+0010245 338.653336 0.173482 0.0155 68 3 1062 331
1291838 DESIXJ14323343+5224487 218.139300 52.413539 0.0114 38 1 1153 167
1295100 DESIXJ15331949+3841543 233.331195 38.698431 0.0603 27 9 29532 9596
1295553 DESIXJ12004749-0325123 180.197893 -3.420095 0.0050 48 0 -1461 42
1299576 DESIXJ16385416+4211314 249.725665 42.192043 0.0274 17 2 13463 1472
1300762 DESIXJ13183827+3153597 199.659447 31.899909 0.1293 385 13 -24311 1840
1305678 DESIXJ11201658+0042156 170.069100 0.704323 0.0194 69 16 -771 1841
1313577 DESIXJ11342105-0500251 173.587715 -5.006972 0.0478 22 5 19816 5394
1313848 DESIXJ16084494+3040599 242.187233 30.683319 0.0500 34 6 22354 3879
1321978 DESIXJ02054416-0533565 31.433998 -5.565700 0.0756 98 2 12250 827
1327853 DESIXJ07073125+6248057 106.880193 62.801588 0.0450 258 5 -6781 602
1332442 DESIXJ12454787-0025549 191.449452 -0.431926 0.0056 22 5 235 512
1337125 DESIXJ22534606+0628231 343.441927 6.473073 0.0237 57 6 4683 964
1341092 DESIXJ14033462+0151297 210.894268 1.858237 0.0242 31 6 2089 1879
1341691 DESIXJ09233757-0627176 140.906534 -6.454886 0.0335 84 3 4149 513
1343114 DESIXJ11134570-0346220 168.440417 -3.772777 0.0515 83 0 25787 650
1347014 DESIXJ08473520+0033427 131.896652 0.561857 0.0583 122 2 723 560
1356955 DESIXJ15572553+2517403 239.356372 25.294535 0.0749 197 2 -2495 535
1365622 DESIXJ10083496+0709220 152.145682 7.156122 0.1640 203 2 8272 1611
1367576 DESIXJ11591154-0142254 179.798073 -1.707065 0.0203 44 2 3193 401
1372178 DESIXJ16071883+1213303 241.828464 12.225094 0.0633 142 2 -1258 469
1374933 DESIXJ11120042+0407490 168.001750 4.130276 0.0300 264 2 -7233 175
1377298 DESIXJ15150331+4543285 228.763784 45.724590 0.0973 143 3 3910 1348
1381471 DESIXJ15194491+0624460 229.937140 6.412790 0.1426 282 7 993 1544
1382772 DESIXJ11564553-0117351 179.189721 -1.293084 0.0192 91 1 515 170
1386761 DESIXJ13452680+0325543 206.361683 3.431748 0.0681 126 2 9110 532
1388577 DESIXJ18345850+5004590 278.743752 50.083056 0.0446 88 3 3418 690
1397342 DESIXJ08533302-0249228 133.387575 -2.823008 0.0406 50 1 11693 551
1412816 DESIXJ08571163-0220496 134.298445 -2.347100 0.0400 137 2 3383 404
1415614 DESIXJ10201263-0308121 155.052610 -3.136689 0.0488 94 0 7750 648
1419627 DESIXJ14101743-0637386 212.572613 -6.627381 0.0560 54 1 25412 752
1421106 DESIXJ01474985-0018139 26.957719 -0.303874 0.0183 33 9 2243 2396
1424377 DESIXJ12443343-0219083 191.139287 -2.318984 0.0053 30 1 350 91
1427317 DESIXJ15301923+0143155 232.580137 1.720960 0.1166 249 8 4017 1476
1429347 DESIXJ02302549-0145597 37.606211 -1.766583 0.0541 77 1 16152 374
1431226 DESIXJ12101403+5250554 182.558449 52.848730 0.0352 106 2 -401 382
1433560 DESIXJ23255096+0125176 351.462348 1.421566 0.0322 85 16 2639 2527
5001163 DESIXJ12413719+0114435 190.404973 1.245426 0.0414 13 9 23966 12837
5003016 DESIXJ07533920+6826512 118.413352 68.447566 0.1169 106 1 26850 1113
