191.822960945866 -2.72739869152667
190.532891233038 32.540182703988
196.353105304204 32.9001230841173
185.719612720515 33.8287681397506
209.050062588716 5.01491981684034
208.546877933513 5.22735690444977
208.546877933513 5.22735690444977
208.743487213374 5.33383414667272
208.743487213374 5.33383414667272
208.768599086137 5.18899230072693
208.768599086137 5.18899230072693
208.332638209914 5.77158606688968
209.088889826845 5.32897947648684
209.088889826845 5.32897947648684
209.231575634513 5.15189400544054
209.231575634513 5.15189400544054
209.348576194826 5.57374164803396
203.529056436353 9.26200172416127
190.996228718371 32.1760749367443
194.23767825584 4.06469822241203
194.968333890496 3.6329146658737
190.48774145678 3.81921300799849
190.413028654557 1.83802751156854
190.574394394642 3.46878587222136
190.688947002582 3.43048488326735
190.438289902336 4.00654671652177
190.615738038409 0.0481504548543186
190.615738038409 0.0481504548543186
195.934238398142 2.04012646922938
191.999298881938 4.69486848203857
191.119992635955 0.468206780379008
191.048785703901 3.60674067187705
191.033188528055 3.00611876036824
192.662514793439 1.46464290312928
192.459513838731 2.85074961119819
193.552543041212 0.80252292349934
193.338517923235 1.26899777602843
193.350841235401 1.93141152201039
193.415974853902 1.57477998101114
193.713509333766 2.65315033381791
190.066646993016 -7.68266082938402
191.807231354852 -5.47340502150474
196.794587097097 -6.76519896080827
192.988833096109 -6.67745954190494
192.579985764735 -5.36297176096177
192.482859915862 -7.42415936039441
193.184460280987 -8.28034946513682
193.765284389786 -6.36947760908542
187.442529681509 -1.29520468923672
187.950040678647 -2.97031231396891
188.283303330743 -0.533105633410581
188.962311730948 -3.76613474702068
189.152633702252 -3.395064161022
189.443858175546 -2.78186634692704
189.445769208221 -2.53324166887825
183.475914244147 -1.08897549585322
180.198842176 -0.0233929107628585
180.198842176 -0.0233929107628585
180.098472518387 -1.10020548755526
180.295894776897 -1.29629536249714
180.197892548506 -3.42009453085149
185.975003014851 -3.44292299250773
185.126469103713 -0.450867477570801
186.869640104686 -4.89704911223705
186.549204396777 -1.30430167061986
208.909454506112 4.98431229878542
208.909454506112 4.98431229878542
178.567170757485 -7.57798955668748
174.496561346408 -5.62300771148058
169.88776687405 3.01542742127436
168.522687702396 2.19918256075503
175.440265019296 -1.90132302264307
175.816606688382 -1.39495530866878
171.801192599057 -0.994302510045635
176.044064434676 -3.66872042928864
176.147913350765 -3.80060523892021
176.28351030841 -0.98820516612459
176.752861318973 -0.294151589474305
178.418729825332 -3.99638836254696
178.550399261928 -0.482658363225472
178.131057487703 -3.67474435710374
178.36944758087 -3.23024591683329
178.451229334519 -3.21852492682424
178.604477862747 -2.31943200649431
178.604477862747 -2.31943200649431
178.531709684611 -3.68241146354254
172.99077218173 -2.92222526266399
179.299456604424 -2.68688004170369
189.940930407707 -5.59183955349739
191.690515271606 5.95524685526867
193.265580076897 7.68327592049786
193.683178470336 8.05303466644362
198.138983102136 7.18433228250975
171.272646800455 4.12095555610259
176.226380329029 2.1633115317676
178.903896089814 1.23715785805324
179.396980945491 2.16778987911461
173.183696263619 2.47355061222149
174.572547105076 0.613476347700221
174.15304450429 0.817043312335667
187.913590601358 3.93978352117801
187.066405697957 1.82883060402632
187.385754456871 0.839372881671237
187.495286406531 0.0271935905915808
188.90242119369 3.03475641797137
188.188132831981 0.114268995646245
188.152197500596 2.6612250776158
188.210731126852 2.79774950362794
189.957393956933 3.93549549811898
189.174909806346 3.10750246243889
183.406786593021 1.06336237787126
183.406786593021 1.06336237787126
184.00193117872 4.65043819676526
183.829612927442 2.92770567316244
184.865456404136 4.57848042581656
184.483931561179 0.436051915261252
185.976068924726 3.08513212395926
181.903565300163 2.69222937080696
181.738100706769 0.663062587250097
181.738100706769 0.663062587250097
186.172139056114 3.72149561232914
186.743637802767 2.49419190314527
182.832910073554 1.49241861862607
182.832910073554 1.49241861862607
182.083423514983 2.50557225556781
185.167446501431 5.1049402606627
185.775730542324 5.25034195818963
185.775797744694 5.25028038144606
199.427777888254 -1.00146243756329
190.345361674873 -3.05782569480599
190.011420253764 -1.04968159762252
195.073053972793 -3.0660167991257
195.190640233591 -2.71782780660703
195.253269201179 -1.97762946746065
191.28528131469 -0.461720702952184
191.383213723033 -0.535948696981329
191.449452292717 -0.431925955465698
191.139287384193 -2.31898352586926
196.193656762117 -2.87118677695826
196.132773259696 -2.98816379538533
192.963860730453 -4.58938730775666
192.051224566201 -0.839416624267539
193.221634849246 -0.822646607947429
198.255450853348 -3.68764867374842
